Description	Fen2-15																																																				
EEM type	"Dilution- & Scatter-corrected, Calibrated Data (ppb QSE)"																																																				
Scan date	10/1/2013 13:54																																																				
Excitation	240-500nm by 5nm																																																				
Emission	290-600nm by 2nm																																																				
Calibration	Michael_Fluoromax4_April08 (07-Apr-2008)																																																				
Slit settings	"5nm Excitation, 5nm Emission"																																																				
Dilution	5																																																				
Row 1	Excitation(nm)																																																				
Col 1	Emission(nm)																																																				
Data	Fluorescence(ppb QSE)																																																				
																																																					
	240	245	250	255	260	265	270	275	280	285	290	295	300	305	310	315	320	325	330	335	340	345	350	355	360	365	370	375	380	385	390	395	400	405	410	415	420	425	430	435	440	445	450	455	460	465	470	475	480	485	490	495	500
290	0.0064	2.9647	0.7012	0.5168	0.3586	0.2208	0.1043	0	0	0	0	0	0	0	0	0	0	0	0	0	0	0	0	0	0	0	0	0	0	0	0	0	0	0	0	0	0	0	0	0	0	0	0	0	0	0	0	0	0	0	0	0	0
292	0.8187	0	0.5988	0.3408	0.197	0.0728	0.117	0.4515	0	0	0	0	0	0	0	0	0	0	0	0	0	0	0	0	0	0	0	0	0	0	0	0	0	0	0	0	0	0	0	0	0	0	0	0	0	0	0	0	0	0	0	0	0
294	0.4148	0	0	0.1686	0.039	0.2451	0.5786	0.8932	0	0	0	0	0	0	0	0	0	0	0	0	0	0	0	0	0	0	0	0	0	0	0	0	0	0	0	0	0	0	0	0	0	0	0	0	0	0	0	0	0	0	0	0	0
296	0	0	0.423	0	0.3931	0.7261	1.7009	1.3234	0	0	0	0	0	0	0	0	0	0	0	0	0	0	0	0	0	0	0	0	0	0	0	0	0	0	0	0	0	0	0	0	0	0	0	0	0	0	0	0	0	0	0	0	0
298	4.8932	0.9016	4.7395	1.7152	0.9045	1.1935	2.7917	1.7402	0.5327	0	0	0	0	0	0	0	0	0	0	0	0	0	0	0	0	0	0	0	0	0	0	0	0	0	0	0	0	0	0	0	0	0	0	0	0	0	0	0	0	0	0	0	0
300	3.5544	0.4273	2.6698	3.2215	1.4015	2.3398	3.5223	2.1448	1.0505	0	0	0	0	0	0	0	0	0	0	0	0	0	0	0	0	0	0	0	0	0	0	0	0	0	0	0	0	0	0	0	0	0	0	0	0	0	0	0	0	0	0	0	0
302	9.0954	2.0623	2.3668	3.0307	1.9144	3.5092	3.9694	2.8482	1.5785	0	0	0	0	0	0	0	0	0	0	0	0	0	0	0	0	0	0	0	0	0	0	0	0	0	0	0	0	0	0	0	0	0	0	0	0	0	0	0	0	0	0	0	0
304	9.2169	6.3077	3.6761	1.7353	1.0482	4.6831	4.4179	3.5542	2.1083	0.5215	0	0	0	0	0	0	0	0	0	0	0	0	0	0	0	0	0	0	0	0	0	0	0	0	0	0	0	0	0	0	0	0	0	0	0	0	0	0	0	0	0	0	0
306	5.7472	4.4332	3.0651	3.7618	2.6598	5.8585	5.1439	4.1702	2.6386	1.0443	0	0	0	0	0	0	0	0	0	0	0	0	0	0	0	0	0	0	0	0	0	0	0	0	0	0	0	0	0	0	0	0	0	0	0	0	0	0	0	0	0	0	0
308	9.4662	3.4625	0	1.6994	4.0123	7.0337	5.8687	4.6949	3.1151	1.5675	0	0	0	0	0	0	0	0	0	0	0	0	0	0	0	0	0	0	0	0	0	0	0	0	0	0	0	0	0	0	0	0	0	0	0	0	0	0	0	0	0	0	0
310	11.1684	10.6517	7.277	4.2959	5.6193	5.4497	6.5947	5.2204	3.5924	2.0916	0.5619	0	0	0	0	0	0	0	0	0	0	0	0	0	0	0	0	0	0	0	0	0	0	0	0	0	0	0	0	0	0	0	0	0	0	0	0	0	0	0	0	0	0
312	4.0097	11.6854	9.0759	3.5882	4.1983	6.1868	7.2776	5.6593	4.0635	2.6006	1.1178	0	0	0	0	0	0	0	0	0	0	0	0	0	0	0	0	0	0	0	0	0	0	0	0	0	0	0	0	0	0	0	0	0	0	0	0	0	0	0	0	0	0
314	12.2465	9.7901	8.0135	4.6125	5.7165	6.4883	7.953	6.0933	4.5471	3.149	1.6678	0	0	0	0	0	0	0	0	0	0	0	0	0	0	0	0	0	0	0	0	0	0	0	0	0	0	0	0	0	0	0	0	0	0	0	0	0	0	0	0	0	0
316	7.3123	9.3061	9.5734	7.6251	6.4734	6.7894	7.8023	6.5007	5.0085	3.6791	2.2046	0.4703	0	0	0	0	0	0	0	0	0	0	0	0	0	0	0	0	0	0	0	0	0	0	0	0	0	0	0	0	0	0	0	0	0	0	0	0	0	0	0	0	0
318	14.7844	11.8045	10.8207	7.0155	5.7254	6.6587	8.1202	6.8768	5.4858	4.1707	2.7225	0.9292	0	0	0	0	0	0	0	0	0	0	0	0	0	0	0	0	0	0	0	0	0	0	0	0	0	0	0	0	0	0	0	0	0	0	0	0	0	0	0	0	0
320	12.7507	12.9311	7.2313	7.2514	8.1167	6.8996	8.6986	7.2417	5.95	4.6348	2.9296	1.3768	0	0	0	0	0	0	0	0	0	0	0	0	0	0	0	0	0	0	0	0	0	0	0	0	0	0	0	0	0	0	0	0	0	0	0	0	0	0	0	0	0
322	16.9195	10.8213	6.9095	8.4256	8.2767	6.7597	8.384	8.3169	6.3713	5.0625	3.1162	1.8047	0.476	0	0	0	0	0	0	0	0	0	0	0	0	0	0	0	0	0	0	0	0	0	0	0	0	0	0	0	0	0	0	0	0	0	0	0	0	0	0	0	0
324	14.6664	13.7389	10.5861	10.0159	7.0853	7.4033	9.1946	7.3207	6.7745	5.1973	3.3904	2.2169	0.9356	0	0	0	0	0	0	0	0	0	0	0	0	0	0	0	0	0	0	0	0	0	0	0	0	0	0	0	0	0	0	0	0	0	0	0	0	0	0	0	0
326	19.0105	11.6421	10.4307	11.8189	7.7726	7.4433	8.9476	9.8646	7.1565	5.3219	3.7456	2.6495	1.3781	0	0	0	0	0	0	0	0	0	0	0	0	0	0	0	0	0	0	0	0	0	0	0	0	0	0	0	0	0	0	0	0	0	0	0	0	0	0	0	0
328	17.568	11.7021	12.3735	10.2064	8.6855	8.3279	9.3214	8.5867	7.8019	5.436	4.0836	3.0634	1.803	0.4577	0	0	0	0	0	0	0	0	0	0	0	0	0	0	0	0	0	0	0	0	0	0	0	0	0	0	0	0	0	0	0	0	0	0	0	0	0	0	0
330	14.9528	16.2103	15.0322	9.5065	8.8703	8.1487	10.1965	9.619	8.2862	5.5418	4.44	3.4476	2.2107	0.898	0	0	0	0	0	0	0	0	0	0	0	0	0	0	0	0	0	0	0	0	0	0	0	0	0	0	0	0	0	0	0	0	0	0	0	0	0	0	0
332	18.2002	18.1838	12.5572	11.5155	8.9811	8.8801	8.9027	9.7287	8.2516	5.579	4.7283	3.7622	2.5863	1.3065	0	0	0	0	0	0	0	0	0	0	0	0	0	0	0	0	0	0	0	0	0	0	0	0	0	0	0	0	0	0	0	0	0	0	0	0	0	0	0
334	18.7901	15.7095	11.3938	9.7105	9.8058	7.8891	8.3158	8.5305	8.6415	7.1375	4.9904	4.0508	2.9345	1.6882	0.4578	0	0	0	0	0	0	0	0	0	0	0	0	0	0	0	0	0	0	0	0	0	0	0	0	0	0	0	0	0	0	0	0	0	0	0	0	0	0
336	18.8382	17.7192	16.0655	10.9151	7.6059	8.9935	8.0747	9.057	8.4534	7.4598	5.2317	4.3298	3.2545	2.0449	0.8873	0	0	0	0	0	0	0	0	0	0	0	0	0	0	0	0	0	0	0	0	0	0	0	0	0	0	0	0	0	0	0	0	0	0	0	0	0	0
338	20.789	16.7708	14.5147	9.9874	9.2133	8.4464	8.4986	8.433	8.4192	7.5087	5.4533	4.5877	3.548	2.4735	1.2898	0	0	0	0	0	0	0	0	0	0	0	0	0	0	0	0	0	0	0	0	0	0	0	0	0	0	0	0	0	0	0	0	0	0	0	0	0	0
340	18.9089	14.3864	14.0741	11.5674	10.3423	9.5973	9.857	8.608	8.6553	7.3891	6.0598	4.8206	3.8163	2.8707	1.6648	0.5412	0	0	0	0	0	0	0	0	0	0	0	0	0	0	0	0	0	0	0	0	0	0	0	0	0	0	0	0	0	0	0	0	0	0	0	0	0
342	19.5047	16.4369	12.8131	12.1805	9.1187	9.2916	9.951	9.6512	8.758	7.313	6.9942	5.0557	4.171	3.2241	2.0234	1.0523	0	0	0	0	0	0	0	0	0	0	0	0	0	0	0	0	0	0	0	0	0	0	0	0	0	0	0	0	0	0	0	0	0	0	0	0	0
344	18.5055	17.2164	13.7092	12.3468	10.9387	10.0042	10.1977	9.0833	8.7594	8.4216	6.5765	5.2698	4.4994	3.5237	2.7065	1.5336	0	0	0	0	0	0	0	0	0	0	0	0	0	0	0	0	0	0	0	0	0	0	0	0	0	0	0	0	0	0	0	0	0	0	0	0	0
346	19.654	21.2274	15.0251	11.8744	11.151	9.5968	9.4656	9.0054	9.9552	9.2489	7.7342	6.1184	4.8141	3.8102	3.355	1.99	0.5177	0	0	0	0	0	0	0	0	0	0	0	0	0	0	0	0	0	0	0	0	0	0	0	0	0	0	0	0	0	0	0	0	0	0	0	0
348	25.3515	20.291	14.6828	13.7756	10.8182	10.0654	10.5739	9.8833	9.3508	9.3953	8.6824	6.8954	5.1185	4.4154	3.8645	2.4255	1.0096	0	0	0	0	0	0	0	0	0	0	0	0	0	0	0	0	0	0	0	0	0	0	0	0	0	0	0	0	0	0	0	0	0	0	0	0
350	27.0169	22.558	16.4688	12.8342	12.0751	12.3175	12.2905	10.1318	10.2901	9.226	8.7583	7.6965	5.4012	4.9848	4.2364	2.8552	1.4757	0.1988	0	0	0	0	0	0	0	0	0	0	0	0	0	0	0	0	0	0	0	0	0	0	0	0	0	0	0	0	0	0	0	0	0	0	0
352	27.1899	22.2631	16.7716	13.6465	12.173	11.3707	11.4445	10.9207	10.4774	9.367	9.4058	8.5138	7.4176	5.5195	4.5845	3.2596	1.9164	0.5718	0	0	0	0	0	0	0	0	0	0	0	0	0	0	0	0	0	0	0	0	0	0	0	0	0	0	0	0	0	0	0	0	0	0	0
354	22.4764	21.1234	17.7318	15.1324	13.1719	11.3732	10.7901	10.8059	10.785	10.7259	9.4683	8.7376	7.4913	6.0187	4.9259	3.6385	2.5637	1.4574	0.4012	0	0	0	0	0	0	0	0	0	0	0	0	0	0	0	0	0	0	0	0	0	0	0	0	0	0	0	0	0	0	0	0	0	0
356	22.9882	23.2141	18.5598	16.1449	13.8819	11.9084	11.9184	11.4093	11.5787	10.8727	10.1837	9.2917	8.2401	6.5046	5.4855	4.4586	3.3806	2.3015	1.325	0	0	0	0	0	0	0	0	0	0	0	0	0	0	0	0	0	0	0	0	0	0	0	0	0	0	0	0	0	0	0	0	0	0
358	27.0951	20.6419	19.3429	16.5027	14.7429	12.3873	12.4676	11.7725	11.5784	11.2924	10.5778	10.0927	8.8913	7.488	6.2536	5.2524	4.1106	3.1133	2.158	0.5319	0	0	0	0	0	0	0	0	0	0	0	0	0	0	0	0	0	0	0	0	0	0	0	0	0	0	0	0	0	0	0	0	0
360	23.4728	27.0536	18.2719	18.2426	14.8553	13.5449	12.1563	12.368	11.8892	11.9395	10.9324	11.1829	9.9863	8.9117	6.9832	5.9506	4.8057	3.8877	2.8933	1.4052	0	0	0	0	0	0	0	0	0	0	0	0	0	0	0	0	0	0	0	0	0	0	0	0	0	0	0	0	0	0	0	0	0
362	30.3397	23.8312	23.5187	17.2819	16.0147	14.6672	13.448	12.4217	12.4805	12.2813	11.6203	10.7579	10.6392	9.9056	7.7286	6.6314	5.5601	4.6928	3.6193	2.1327	0.4478	0	0	0	0	0	0	0	0	0	0	0	0	0	0	0	0	0	0	0	0	0	0	0	0	0	0	0	0	0	0	0	0
364	29.6103	26.7103	23.3309	19.0118	16.1203	14.1532	14.0117	13.027	13.2248	13.1408	12.7025	12.1367	11.1114	10.4224	8.8273	7.2881	6.2886	5.541	4.3212	2.9486	1.341	0.004	0	0	0	0	0	0	0	0	0	0	0	0	0	0	0	0	0	0	0	0	0	0	0	0	0	0	0	0	0	0	0
366	29.9301	26.9527	25.639	20.0396	16.6578	14.9883	14.905	14.0534	13.5582	13.3894	13.5731	12.4013	11.93	11.3575	10.0359	7.9272	7.066	6.3653	5.0034	3.6307	1.9	0.5239	0	0	0	0	0	0	0	0	0	0	0	0	0	0	0	0	0	0	0	0	0	0	0	0	0	0	0	0	0	0	0
368	30.7502	27.1388	25.475	21.8638	19.0614	16.4553	16.2445	14.4207	14.7718	13.9588	13.5078	13.07	12.6793	11.5911	11.103	8.5507	7.8572	7.0131	5.6623	4.2943	2.8299	0.9233	0	0	0	0	0	0	0	0	0	0	0	0	0	0	0	0	0	0	0	0	0	0	0	0	0	0	0	0	0	0	0
370	33.3057	30.0404	26.2101	21.1847	18.9393	17.489	16.2869	15.5196	14.471	14.7586	14.3702	14.0971	13.8582	13.2275	12.022	10.588	8.6224	7.6392	6.2895	4.937	3.5831	1.6998	0.4977	0	0	0	0	0	0	0	0	0	0	0	0	0	0	0	0	0	0	0	0	0	0	0	0	0	0	0	0	0	0
372	36.8354	31.4664	26.6988	23.1397	19.7441	17.5577	17.4546	16.4108	16.7004	15.6284	14.99	14.9529	14.8674	14.3929	13.0422	11.5875	9.4095	8.2758	6.931	5.7707	4.2903	2.4057	1.0699	0	0	0	0	0	0	0	0	0	0	0	0	0	0	0	0	0	0	0	0	0	0	0	0	0	0	0	0	0	0
374	38.8627	32.5745	30.4188	24.9223	20.86	18.7694	18.0519	17.1907	15.9344	16.3557	15.8641	15.9979	15.7642	15.2191	14.2333	12.6397	10.1793	9.0771	7.9245	6.7688	4.9828	3.4133	1.3577	0.2889	0	0	0	0	0	0	0	0	0	0	0	0	0	0	0	0	0	0	0	0	0	0	0	0	0	0	0	0	0
376	38.6882	32.6961	27.8554	25.9988	22.1397	20.2819	18.9211	17.9809	17.9469	16.5854	17.0261	17.2987	17.1001	15.9775	15.277	13.2379	11.7578	10.0341	8.8893	7.5071	5.6556	3.7148	2.2695	0.917	0	0	0	0	0	0	0	0	0	0	0	0	0	0	0	0	0	0	0	0	0	0	0	0	0	0	0	0	0
378	43.2519	35.7971	32.7641	27.5623	22.3231	20.5627	19.5555	18.0027	18.3675	18.5949	17.7915	18.2192	17.8164	17.416	16.1585	14.5903	13.1641	10.9585	9.8225	8.2203	6.307	4.5467	3.0899	1.0477	0.2209	0	0	0	0	0	0	0	0	0	0	0	0	0	0	0	0	0	0	0	0	0	0	0	0	0	0	0	0
380	45.9894	39.337	35.023	29.7105	26.2234	21.9334	20.1344	20.0394	18.8144	19.1711	19.0757	18.8678	18.5447	18.1391	16.9495	15.5739	14.1264	11.8579	10.5024	8.8771	6.9411	5.3576	3.7661	1.9439	0.6391	0	0	0	0	0	0	0	0	0	0	0	0	0	0	0	0	0	0	0	0	0	0	0	0	0	0	0	0
382	45.1044	41.9504	35.2846	29.4715	26.8302	21.3237	19.9112	19.6307	20.1023	19.8483	19.8525	20.4347	19.6304	19.2052	18.4077	16.6023	15.1604	12.7904	11.2139	9.522	7.8067	6.1755	4.4835	2.6038	1.1674	0.0316	0	0	0	0	0	0	0	0	0	0	0	0	0	0	0	0	0	0	0	0	0	0	0	0	0	0	0
384	45.8915	42.5105	36.0967	29.7337	26.1553	23.9841	22.9659	20.3636	20.0979	20.4921	21.0383	20.8569	20.8866	19.9681	18.8628	17.885	16.5136	14.0866	11.9132	10.1559	8.6582	6.9803	5.1627	3.3523	1.5012	0.4586	0	0	0	0	0	0	0	0	0	0	0	0	0	0	0	0	0	0	0	0	0	0	0	0	0	0	0
386	48.1594	42.9451	37.2659	31.5356	28.686	24.3274	23.5758	21.2062	21.2511	21.3912	20.9835	22.2846	21.7457	21.4752	20.651	18.8684	17.1195	15.2092	12.6473	11.0334	9.5089	7.8009	5.8525	4.1253	2.3383	1.1267	0	0	0	0	0	0	0	0	0	0	0	0	0	0	0	0	0	0	0	0	0	0	0	0	0	0	0
388	45.9227	44.6634	37.1254	34.8807	29.2331	26.3209	24.358	22.5221	22.4052	22.1892	22.3006	22.41	23.0205	22.6351	21.1113	19.754	17.8132	16.1395	13.4251	11.9481	10.369	8.529	6.5609	4.8503	2.8918	1.5626	0.1634	0	0	0	0	0	0	0	0	0	0	0	0	0	0	0	0	0	0	0	0	0	0	0	0	0	0
390	52.1284	46.4745	38.9009	34.4281	32.2579	28.7175	24.9551	23.7088	22.5899	23.3895	23.5061	23.8111	23.9012	23.2771	22.7752	21.5404	19.3198	17.124	14.7053	12.8622	11.2286	9.2566	7.2689	5.41	3.9472	1.9032	0.7195	0	0	0	0	0	0	0	0	0	0	0	0	0	0	0	0	0	0	0	0	0	0	0	0	0	0
392	58.8467	46.8125	42.5959	37.591	30.7466	27.7939	26.5581	24.4403	24.0877	23.9842	23.7732	24.6736	25.1822	24.4454	23.3988	22.2852	20.0143	18.4743	16.1972	13.6934	11.8962	9.924	7.9748	6.1044	4.3128	2.6679	1.2173	0.0665	0	0	0	0	0	0	0	0	0	0	0	0	0	0	0	0	0	0	0	0	0	0	0	0	0
394	56.4536	51.9912	43.0282	37.1636	32.9619	29.1994	26.2796	24.6466	24.6651	24.0192	25.0412	26.314	25.942	25.5863	24.547	23.0176	21.4337	19.2757	17.0638	14.513	12.6023	10.6763	8.7111	6.7895	5.2646	3.4795	1.5663	0.5996	0	0	0	0	0	0	0	0	0	0	0	0	0	0	0	0	0	0	0	0	0	0	0	0	0
396	60.2014	51.8082	43.6709	40.0987	34.3692	29.7263	27.1622	25.777	24.2529	24.6969	25.7096	26.4072	26.7566	26.8425	25.7603	23.9984	22.5104	20.2155	18.0101	15.4392	13.3668	11.436	9.4407	7.4768	5.6289	3.97	2.2504	1.103	0	0	0	0	0	0	0	0	0	0	0	0	0	0	0	0	0	0	0	0	0	0	0	0	0
398	56.3536	52.589	47.0471	41.7209	35.5412	30.7643	28.3289	27.39	25.8575	25.7498	25.5803	27.6353	28.3831	27.4319	26.7369	25.2968	23.6323	21.7047	19.184	16.9797	14.1452	12.195	10.1785	8.1698	6.3591	4.7426	3.1621	1.6402	0.5476	0	0	0	0	0	0	0	0	0	0	0	0	0	0	0	0	0	0	0	0	0	0	0	0
400	61.6277	54.6974	46.5977	42.2434	36.4882	32.3794	29.6929	27.7748	27.0315	27.2009	26.5069	28.6496	28.7544	28.8783	28.1533	26.6624	24.683	22.6654	20.5288	18.166	14.9181	12.9429	10.8769	8.8799	7.0843	5.3816	3.8484	1.8728	0.9692	0	0	0	0	0	0	0	0	0	0	0	0	0	0	0	0	0	0	0	0	0	0	0	0
402	60.5267	55.4494	48.9335	44.1164	38.3202	33.7258	30.4448	28.9647	28.344	28.0947	28.487	29.4794	29.9653	29.9228	29.1893	27.6021	25.5612	24.3214	21.0988	19.5971	16.1375	13.662	11.5506	9.6123	7.791	6.0368	4.3285	2.5468	1.3763	0.2635	0	0	0	0	0	0	0	0	0	0	0	0	0	0	0	0	0	0	0	0	0	0	0
404	64.491	59.1845	49.4916	46.0923	39.1339	36.5904	31.5848	29.9347	29.0616	28.2889	29.0362	29.7585	30.685	31.0361	29.9692	28.1611	26.8644	24.5301	22.6215	20.6408	17.3934	14.3731	12.2613	10.3367	8.4902	6.7496	5.0462	3.5152	1.833	0.8483	0	0	0	0	0	0	0	0	0	0	0	0	0	0	0	0	0	0	0	0	0	0	0
406	65.8082	58.4335	51.5126	47.7995	42.5632	37.1529	32.5826	29.7556	30.6875	29.8696	29.5572	30.9618	31.8285	31.4671	31.4503	29.6222	27.867	25.8517	23.333	21.357	18.5379	15.1044	13.0106	11.0486	9.2016	7.4688	5.925	3.9233	2.3686	1.2892	0	0	0	0	0	0	0	0	0	0	0	0	0	0	0	0	0	0	0	0	0	0	0
408	68.6224	60.8545	53.1327	47.9616	43.4551	36.8238	33.3584	31.8166	30.4956	30.4351	30.2976	31.9118	32.0137	32.7349	31.7231	30.9439	29.0938	26.8189	25.2924	22.331	19.8152	16.884	13.7804	11.7775	9.9318	8.1984	6.5137	4.507	2.8618	1.7759	0.5857	0	0	0	0	0	0	0	0	0	0	0	0	0	0	0	0	0	0	0	0	0	0
410	72.9908	65.031	58.69	49.8327	44.4841	38.6117	34.2234	32.2169	30.0637	30.7807	31.6727	33.1845	33.9568	33.5863	32.8262	32.0733	30.2898	28.2233	25.7734	23.7584	21.0791	17.69	14.548	12.5095	10.66	8.9746	7.1439	5.2215	3.8962	2.08	1.119	0	0	0	0	0	0	0	0	0	0	0	0	0	0	0	0	0	0	0	0	0	0
412	67.3805	69.6625	57.4984	53.0322	44.684	40.7337	34.9653	32.4832	31.3335	31.6225	32.2962	33.5291	34.0647	35.0227	34.1161	33.2193	31.3932	28.8799	26.8343	24.9407	21.7222	19.2945	15.3146	13.2925	11.4844	9.7979	7.7729	6.0266	4.3143	2.6234	1.5089	0.3946	0	0	0	0	0	0	0	0	0	0	0	0	0	0	0	0	0	0	0	0	0
414	76.0716	65.3733	58.0195	53.1648	47.5624	40.9003	37.2708	33.6062	32.6619	31.5407	32.0261	33.945	34.8344	35.203	35.575	34.3631	32.3243	30.4698	27.9218	25.936	23.1325	20.2334	16.9358	14.1228	12.3066	10.4216	8.4001	6.4838	4.7995	3.0075	1.9405	0.9972	0	0	0	0	0	0	0	0	0	0	0	0	0	0	0	0	0	0	0	0	0
416	71.2584	68.6159	61.3321	56.6686	48.2684	42.953	38.0027	33.8382	33.4122	32.3717	33.0059	33.7493	35.5957	35.3753	35.6019	34.2487	33.3825	31.5675	29.0252	26.9741	24.1163	21.6242	18.5528	14.9848	13.1565	11.0687	9.0461	7.0349	5.3704	3.5546	2.4458	1.2877	0.1833	0	0	0	0	0	0	0	0	0	0	0	0	0	0	0	0	0	0	0	0
418	80.92	70.8056	62.1634	56.5135	50.825	43.4686	38.9885	36.5515	34.3715	33.825	33.1037	35.0369	35.6769	36.8494	36.6134	35.5142	33.9186	32.4135	29.8367	27.7943	25.182	22.3803	19.4181	15.8844	13.8406	11.7434	9.7676	7.745	6.001	4.1923	2.7238	1.7648	0.6635	0	0	0	0	0	0	0	0	0	0	0	0	0	0	0	0	0	0	0	0
420	79.6175	68.2915	66.2825	55.2366	50.5895	43.6142	40.742	37.4741	35.0708	33.6259	34.4211	35.6126	36.4868	37.6488	36.8269	36.8786	35.3538	33.4925	31.2705	28.8013	26.2399	23.3062	20.6703	16.7895	14.5816	12.5273	10.5109	8.4595	6.858	4.9988	3.216	2.1083	1.1472	0	0	0	0	0	0	0	0	0	0	0	0	0	0	0	0	0	0	0	0
422	78.0765	70.8951	63.1105	57.6992	53.598	47.2749	40.2906	38.1299	35.7871	34.6743	35.6375	36.0203	37.1261	37.82	38.1284	37.4079	35.8524	34.4201	32.0659	29.4449	26.9364	24.5644	21.4452	18.1087	15.3837	13.3192	11.1911	9.1806	7.1898	5.2391	3.8819	2.4236	1.6755	0.6049	0	0	0	0	0	0	0	0	0	0	0	0	0	0	0	0	0	0	0
424	78.6232	72.2815	64.6865	60.8551	53.7428	47.2553	41.2778	38.5662	36.0835	35.5724	36.2208	37.0092	37.4565	39.3943	38.8611	38.3992	37.1279	35.3444	32.719	30.3971	28.0299	25.0196	22.6109	19.4086	16.1909	14.0456	11.8757	9.9065	7.7684	6.036	4.3274	2.8998	1.8454	0.842	0	0	0	0	0	0	0	0	0	0	0	0	0	0	0	0	0	0	0
426	79.4682	71.6148	67.2615	59.4575	55.4245	47.7324	42.9455	39.1006	37.0218	35.3136	35.7387	36.8808	37.9232	38.9448	38.9602	38.5063	37.006	35.7042	33.4995	31.445	29.1	26.5366	22.936	20.3354	17.0309	14.765	12.6309	10.5558	8.3642	6.7397	4.8804	3.5087	2.2832	1.4371	0.1294	0	0	0	0	0	0	0	0	0	0	0	0	0	0	0	0	0	0
428	86.79	76.2297	67.8957	61.0564	54.1641	49.1835	43.4986	39.8441	38.1144	36.2943	36.6876	37.1328	38.7226	39.4742	39.5567	39.4362	38.1212	36.6321	35.0648	32.5272	30.0329	27.4472	24.1237	21.0654	18.5514	15.5158	13.4145	11.0309	8.9799	7.1177	5.4687	3.9148	2.6813	1.8157	0.6198	0	0	0	0	0	0	0	0	0	0	0	0	0	0	0	0	0	0
430	84.0479	74.8202	67.3112	64.8507	56.0101	50.7188	44.1873	40.2852	38.0577	37.2722	36.7571	37.8332	38.7328	39.9325	39.9896	40.3038	39.5528	37.634	36.2164	33.6857	30.8254	28.1688	25.5037	22.046	19.3768	16.2753	14.0085	11.5113	9.603	7.6953	6.0048	4.5898	3.0708	2.051	1.0802	0	0	0	0	0	0	0	0	0	0	0	0	0	0	0	0	0	0
432	82.9446	79.0499	69.7744	63.9437	56.7025	50.6913	46.2442	40.6625	38.1651	37.5109	37.0748	37.6738	39.4325	39.6757	40.5151	40.3526	39.8942	38.3515	36.165	34.5128	31.7658	28.7555	25.975	23.1443	20.3391	17.0247	14.4931	12.1397	10.2096	8.2706	6.4366	4.8248	3.5715	2.3595	1.5989	0.4734	0	0	0	0	0	0	0	0	0	0	0	0	0	0	0	0	0
434	85.3517	80.8821	66.0286	65.0496	58.3206	50.9442	45.9124	41.4804	39.2688	37.1857	37.2329	38.9883	39.645	40.3761	41.1403	40.7646	39.7563	38.979	37.2923	35.1517	31.5934	29.4701	26.6428	23.8198	21.3713	17.6977	14.982	12.7743	10.7969	8.8517	7.0769	5.209	3.9942	2.8648	1.8864	1.1257	0	0	0	0	0	0	0	0	0	0	0	0	0	0	0	0	0
436	88.3304	78.7884	71.832	65.7844	61.3152	51.6107	47.6688	40.6861	39.6148	37.9165	38.258	39.1518	40.0239	40.7662	41.178	41.5145	40.6208	39.6455	37.7015	35.7362	32.6718	30.2586	27.1912	24.7952	22.1114	19.3419	15.4953	13.4067	11.4045	9.4506	7.4568	5.7329	4.4604	3.0262	2.1692	1.4301	0.0981	0	0	0	0	0	0	0	0	0	0	0	0	0	0	0	0
438	85.5268	79.8722	70.976	68.7212	60.7644	52.8676	47.2195	42.7727	40.3711	37.8135	37.924	39.3893	40.0747	41.1522	42.1892	41.0497	40.9037	39.8916	38.6064	36.3112	33.7572	30.5521	27.7214	25.1856	22.7007	19.9623	16.0344	14.0446	12.0208	10.0487	7.9705	6.4388	4.9081	3.6281	2.6688	1.7425	0.6614	0	0	0	0	0	0	0	0	0	0	0	0	0	0	0	0
440	84.2406	79.4881	73.3645	67.3044	60.4576	54.0756	48.3749	43.1652	40.7778	38.1473	37.5838	39.0344	40.1285	41.247	41.2732	41.8479	41.18	40.5495	38.5321	36.8567	34.174	31.6152	28.8699	25.5653	23.6169	20.7682	17.6922	14.6701	12.6314	10.5374	8.4913	6.811	5.3205	4.0618	2.6211	2.0718	1.0862	0	0	0	0	0	0	0	0	0	0	0	0	0	0	0	0
442	88.832	79.9949	71.9665	66.5155	61.6255	54.5852	48.8183	44.0113	41.3911	38.2746	38.0135	38.7685	39.6786	40.6864	42.3056	41.7795	42.0231	40.6261	39.2121	36.8644	34.8194	32.1566	29.3288	26.2306	24.1355	21.1977	18.5302	15.2919	13.2399	10.8013	9.0122	7.4178	5.6162	4.5574	3.3619	2.3016	1.5564	0.6186	0	0	0	0	0	0	0	0	0	0	0	0	0	0	0
444	86.3417	80.0275	73.027	68.934	60.5175	55.1849	48.049	45.3581	40.9856	38.8599	38.1376	38.7345	40.6611	41.0366	42.3609	42.531	41.9584	41.1446	39.9398	37.8894	35.8974	33.3971	29.5487	27.3248	24.4271	21.8098	19.1637	15.921	13.633	11.0678	9.5396	7.811	6.2423	4.911	3.6774	2.5493	1.9972	0.8577	0	0	0	0	0	0	0	0	0	0	0	0	0	0	0
446	81.0835	81.4701	75.3185	67.2507	63.2416	54.4797	48.8209	44.8127	42.4382	38.8595	39.0091	39.4194	40.1701	41.4526	41.8312	42.2183	41.7341	41.3078	40.1956	38.3317	35.9572	32.9182	30.208	27.7076	25.2291	22.6217	19.9714	16.568	13.9271	11.6164	9.9951	8.2142	6.8147	5.3931	4.2664	2.9095	2.2442	1.4344	0.4291	0	0	0	0	0	0	0	0	0	0	0	0	0	0
448	89.5885	83.769	74.3022	66.0559	60.9235	55.1621	50.0092	44.7509	41.8647	39.0907	38.7406	39.0545	39.8014	40.6145	41.4668	41.8467	41.6521	41.2896	40.1163	38.219	36.3827	33.1314	30.8282	27.7416	26.0529	22.9587	20.2198	17.1092	14.2331	12.1798	10.2923	8.628	7.191	5.807	4.8095	3.4084	2.3566	1.7686	0.898	0	0	0	0	0	0	0	0	0	0	0	0	0	0
450	85.8927	83.4757	74.4239	68.7932	63.7557	56.9385	50.7877	45.8408	42.6718	39.9971	38.6416	38.9972	39.207	40.5047	41.5006	41.9902	41.795	41.5573	40.5586	38.1977	36.5943	33.9549	30.9328	28.6068	26.3338	23.7187	21.165	17.8196	14.5423	12.5797	10.593	9.0474	7.5713	6.2753	5.1254	3.8274	2.7706	2.0148	1.318	0.04	0	0	0	0	0	0	0	0	0	0	0	0	0
452	85.5847	77.4176	72.6733	65.667	61.6367	55.3545	51.1817	44.247	41.5667	39.0345	38.7143	38.2854	39.5711	40.5844	40.8218	41.6877	42.1053	41.4304	40.956	38.6303	36.5139	33.7963	31.9083	28.9254	25.9374	24.1834	21.5468	18.2742	14.8615	12.904	11.0355	9.4661	7.9604	6.9518	5.3781	4.4763	3.161	2.2977	1.5642	0.6487	0	0	0	0	0	0	0	0	0	0	0	0	0
454	87.9452	75.3676	74.0937	69.3557	62.403	56.1644	49.7622	46.213	42.0583	39.7067	38.6163	38.85	38.8579	40.2902	40.1844	42.0071	41.8888	41.2942	40.3591	39.0097	36.7427	34.0354	31.7624	28.6732	26.5789	24.5986	22.0044	18.8475	15.8819	13.232	11.4839	9.8689	8.355	7.1622	5.8626	4.7651	3.4599	2.6547	1.952	0.8891	0.1855	0	0	0	0	0	0	0	0	0	0	0	0
456	85.2093	77.8677	72.5006	69.1748	62.2154	57.2015	51.4621	46.1269	42.8389	39.2481	38.8047	38.5484	39.3789	39.1861	40.8981	41.2724	41.2785	41.4578	39.9428	38.9607	37.3894	34.6754	31.7674	28.9993	27.1727	24.6046	21.7745	19.3653	16.3106	13.5846	11.9348	10.2929	8.7684	7.1381	6.3819	4.8499	3.7122	2.821	2.2009	1.2918	0.3129	0	0	0	0	0	0	0	0	0	0	0	0
458	85.1469	81.7033	74.8896	70.9255	63.0389	56.2099	51.3855	45.4665	43.1871	39.0039	38.6292	37.9176	38.5999	39.1549	40.224	41.5376	41.5395	41.2129	40.4275	38.4309	37.1173	35.2987	32.1533	29.4015	27.4286	25.3702	22.2814	19.8726	17.0378	13.9629	12.3408	10.6211	9.0222	7.4768	6.7045	5.3565	4.16	3.1068	2.3401	1.7088	0.8054	0	0	0	0	0	0	0	0	0	0	0	0
460	85.4336	75.4627	73.7997	68.1036	61.3421	56.9094	51.3284	47.1612	43.1152	40.2358	38.3803	38.3956	39.3897	38.8735	40.0902	40.7884	40.525	40.7746	40.2169	38.5743	37.412	34.9339	31.6073	29.8015	27.5199	25.3489	23.0395	20.5317	17.0775	14.3213	12.5729	10.834	9.2008	7.8212	7.0611	5.4706	4.6039	3.5916	2.5117	1.9818	1.1261	0.2354	0	0	0	0	0	0	0	0	0	0	0
462	82.6019	81.5397	73.3567	68.2971	62.9821	56.5282	52.1655	47.1552	43.3789	39.1602	39.4858	38.6032	38.1005	38.7794	39.9214	40.5264	40.3555	40.514	40.291	38.9504	37.5144	35.1643	32.2144	29.8427	28.0111	25.5899	23.3907	20.4309	17.489	15.3224	12.8211	11.0612	9.3554	8.1803	7.2419	6.0789	4.8705	3.9944	2.624	2.2047	1.494	0.5512	0	0	0	0	0	0	0	0	0	0	0
464	80.0391	72.4316	71.0624	67.2909	64.7238	56.6705	50.9698	47.5924	42.3546	39.794	39.3292	37.7972	38.7207	38.5839	38.5374	39.2609	40.7456	40.7064	39.9451	38.3262	37.3117	35.0007	32.315	29.5422	27.8857	25.3014	23.3318	20.6163	18.4156	15.4062	13.0717	11.2546	9.511	8.5458	7.4211	6.3792	5.1539	4.1807	3.198	2.4009	1.9608	0.9485	0.0019	0	0	0	0	0	0	0	0	0	0
466	78.1715	78.2297	70.1016	67.2406	63.1457	56.2766	51.2595	45.5677	43.7644	40.3588	37.4479	37.8173	38.0742	38.1974	39.0186	38.6549	39.3855	40.312	39.6876	38.9353	37.245	34.9981	31.9693	29.8737	28.2733	26.0676	23.7215	20.6902	18.4555	16.1995	13.3287	11.4348	9.8961	8.8151	7.6048	6.8914	5.6823	4.7131	3.4919	2.6368	1.8884	1.2591	0.2487	0	0	0	0	0	0	0	0	0	0
468	76.2618	78.6633	75.5359	63.9553	63.0909	56.6322	51.6099	45.6806	43.1397	39.0329	37.9726	37.8487	37.5315	37.8186	37.916	39.296	39.1234	40.0232	39.3094	38.1563	36.2728	35.5289	32.3587	30.0588	28.4943	26.4701	23.6587	21.3162	18.5632	16.7315	13.7887	11.6196	10.2909	8.8782	7.7932	6.8255	5.7867	4.8071	3.8058	2.8338	2.2431	1.5827	0.738	0	0	0	0	0	0	0	0	0	0
470	74.2848	73.1004	73.2975	65.7702	61.7039	58.176	51.9389	46.4529	42.3655	39.4555	37.5277	37.6091	37.0531	38.1297	38.361	37.9272	39.4006	39.5165	38.6903	37.4885	36.86	33.657	31.9998	29.4584	27.8716	26.5844	23.7469	21.5998	18.7453	16.5992	14.2812	11.8055	10.4775	8.9402	7.9838	6.9982	6.2241	5.1646	4.1007	3.0271	2.5454	1.8284	0.9671	0	0	0	0	0	0	0	0	0	0
472	72.4152	71.6143	73.2352	66.5092	61.6052	56.7562	52.756	47.772	42.5325	40.0239	37.8146	37.129	36.8582	37.1784	38.2148	38.2693	38.3228	38.8941	37.9786	38.2204	36.0952	34.3423	31.7461	29.7218	27.9115	26.5595	23.9698	21.4298	18.7678	16.791	14.3813	12.0209	10.5821	9.1655	8.1938	7.1901	6.4095	5.3641	4.2614	3.4115	2.4506	2.0567	1.3498	0.563	0	0	0	0	0	0	0	0	0
474	70.4644	68.1136	66.2616	64.1661	62.6537	55.6263	51.6594	46.334	42.0597	39.1142	36.9414	35.515	35.9587	37.1718	37.4869	38.2155	37.9971	37.6736	38.2828	36.6539	35.3583	34.2364	31.9146	29.2585	27.6727	26.1508	24.013	21.764	19.0836	16.8142	15.251	12.5868	10.6853	9.3936	8.4019	7.3845	6.7309	5.429	4.5307	3.7529	2.7681	2.129	1.4444	0.8514	0	0	0	0	0	0	0	0	0
476	68.3693	66.7997	68.4596	61.3247	60.9254	55.5519	50.1817	47.0955	41.9726	38.7788	36.3248	36.6794	36.3181	36.1568	36.4954	36.9879	37.5432	37.4047	37.4107	36.1265	35.5449	33.3767	31.3909	29.1452	27.849	26.2957	23.838	21.2923	19.4092	17.0375	15.1909	12.9699	10.7775	9.611	8.6046	7.5746	6.5117	5.7964	4.7035	3.9474	3.019	2.3643	1.7671	0.9659	0.4445	0	0	0	0	0	0	0	0
478	66.1386	65.3703	64.2697	63.4521	60.0076	54.0419	50.7825	44.2322	41.9821	38.69	36.6926	36.595	35.2168	36.0811	35.9367	36.3602	35.8405	37.6136	37.0271	35.8793	34.8992	33.0608	31.2592	29.0025	27.6394	25.8464	24.2394	21.5776	19.3944	17.3231	15.1746	13.1132	10.8586	9.8215	8.8058	7.7661	6.6683	6.1271	5.1012	4.0665	3.1898	2.4474	1.9967	1.4358	0.752	0	0	0	0	0	0	0	0
480	63.8389	63.8895	66.9731	65.3722	58.0573	54.6416	50.8625	44.0085	41.9628	38.6008	36.4072	34.4844	35.1673	35.0113	35.0405	35.8805	36.4819	36.5189	36.1024	35.6346	34.507	32.9092	30.6678	29.3328	27.4413	26.1035	24.0932	21.7244	19.163	17.6066	15.3223	13.6332	11.365	10.0402	9.0132	7.9168	6.8269	6.2105	5.2213	4.3866	3.4517	2.6837	2.2479	1.7685	1.0868	0.2622	0	0	0	0	0	0	0
482	61.3416	62.2266	65.2928	61.3327	58.1376	55.6466	49.4444	44.0626	40.7235	38.8307	36.1885	35.7308	33.7385	35.245	34.375	35.9269	35.7246	36.1893	35.5224	34.7751	34.1917	32.9489	30.2349	28.7069	27.2746	25.8081	24.2657	21.8595	19.2004	17.3214	15.1934	13.7008	12.0074	10.2401	9.2041	7.9613	6.9728	6.092	5.6878	4.5738	3.6853	2.7842	2.2821	1.8431	1.2814	0.4935	0	0	0	0	0	0	0
484	58.7891	60.5221	64.6825	62.0318	55.2499	54.316	49.5851	43.5884	41.2083	37.5995	36.1507	35.5631	34.3293	33.375	34.1143	35.2154	35.0146	35.0253	36.0425	34.1625	33.7361	32.3595	30.0078	28.7699	27.0969	25.8347	23.799	21.7865	19.2822	17.5706	15.6318	13.8081	12.1482	10.442	9.3056	8.0051	7.1203	6.2001	5.7184	4.8069	4.0255	3.1125	2.4923	2.0053	1.4241	0.9626	0.2092	0	0	0	0	0	0
486	56.1702	58.7647	62.6567	59.8498	57.5726	52.7184	49.1391	43.8516	39.1885	37.2904	34.9668	34.2466	34.4298	33.0931	33.6199	34.6721	34.6341	34.1791	34.8014	34.5587	33.2992	31.4839	29.4655	27.741	26.8681	25.7846	23.907	21.7667	19.33	17.474	15.558	13.851	12.3831	10.6437	9.3594	8.1605	7.2297	6.308	5.7228	4.8881	3.9597	3.3368	2.4445	2.1605	1.8188	1.227	0.3747	0	0	0	0	0	0
488	53.4874	56.9557	60.5736	57.9003	55.717	51.869	48.2266	43.2707	40.3188	37.9257	36.0057	34.1474	34.2276	32.1327	33.2095	33.5242	33.9494	34.4838	33.8542	33.622	32.4298	30.9825	29.7661	27.5576	27.0705	25.1147	23.8241	21.7159	19.5187	17.6847	15.8992	14.0895	12.5745	11.0103	9.4108	8.3159	7.2615	6.4155	5.9517	5.1791	4.2273	3.5647	2.6247	2.3114	1.9115	1.4538	0.7482	0	0	0	0	0	0
490	50.7524	55.1074	58.4464	57.1729	53.6772	52.5771	47.4745	43.2973	40.0006	36.5998	34.5673	32.9781	32.2978	31.8852	32.546	33.5019	32.5537	33.5322	33.3244	32.7882	32.319	30.9155	29.0733	27.8826	27.0268	25.3735	23.6448	21.3171	19.6001	17.5609	16.045	14.3941	12.5796	11.2062	9.4617	8.3952	7.2927	6.524	5.7287	5.3933	4.4751	3.6519	2.9499	2.3878	2.0938	1.6588	1.0068	0.3129	0	0	0	0	0
492	48.0116	52.996	56.3293	58.9919	54.2993	52.875	47.2175	43.9359	39.6295	37.1974	33.9788	33.8714	32.8844	32.0523	31.8223	31.9823	33.1329	33.0901	33.0964	31.8936	31.843	30.2273	28.8552	27.8189	26.3376	25.3377	23.7377	21.4782	19.3131	17.3571	16.034	14.0517	12.6483	11.5765	9.5211	8.4436	7.4156	6.6396	5.8825	5.5432	4.549	4.0586	3.163	2.451	2.2928	1.6705	1.323	0.5891	0	0	0	0	0
494	45.213	50.5593	54.1631	56.0586	53.9274	50.5788	46.152	43.7398	38.0314	36.6275	34.4734	32.128	32.3671	31.6004	32.1768	31.8956	31.7563	32.1777	32.1737	31.9816	31.6159	30.3227	28.458	26.9238	25.9985	24.9658	23.3617	21.5685	19.4246	17.3846	15.8491	13.9926	13.1061	11.5628	9.9439	8.4914	7.5395	6.7554	6.0382	5.7668	4.8228	3.8424	3.4361	2.4662	2.2837	1.9555	1.3498	0.788	0.1213	0	0	0	0
496	42.3438	48.0551	50.6443	53.5995	53.9606	49.1557	47.1977	42.5504	38.9594	36.4272	32.9786	32.5359	30.8302	30.6577	31.3109	31.1517	31.8068	31.123	31.334	31.4492	30.6801	29.3551	28.2268	26.7202	25.5096	24.159	23.1997	21.2941	18.5916	17.2011	15.6365	14.3153	13.0521	11.6222	10.049	8.536	7.6617	6.8697	6.1938	5.521	5.0157	4.4025	3.7554	2.8092	2.2764	2.1633	1.6036	1.0841	0.196	0	0	0	0
498	39.4074	43.8651	48.3682	51.074	53.4297	49.0573	45.2961	42.1192	39.2367	36.1112	33.5486	32.6066	30.4637	29.8937	29.8835	30.8408	30.4064	31.1345	30.8457	30.4828	30.1444	28.3924	27.1587	26.5545	25.433	24.1768	22.9859	20.9507	18.9343	17.236	15.7949	14.1803	13.0097	11.8337	10.5889	8.5773	7.7816	6.9829	6.3495	5.55	5.1082	4.3663	3.7459	2.9376	2.3123	2.1912	1.9501	1.3621	0.6268	0	0	0	0
500	34.5756	41.2654	46.0474	48.4996	51.1745	47.4948	46.0203	41.5323	37.7675	35.3722	32.7257	30.9103	30.7581	29.9054	29.7974	29.8333	30.2022	30.0328	29.9318	29.8964	29.4061	28.1897	26.9173	25.8004	24.8883	23.882	22.7564	20.5866	19.0235	17.352	15.5798	14.14	12.8892	12.053	10.2474	9.2881	7.9024	7.1457	6.4417	5.5786	5.2168	4.6009	3.6847	3.2124	2.4711	2.2628	1.8565	1.3302	0.7374	0.3618	0	0	0
502	35.9717	38.6062	43.4016	45.8627	47.854	48.1082	44.2844	41.1509	37.1771	34.2397	32.7442	31.3297	30.1857	29.9793	28.998	29.0684	29.8412	29.564	29.4579	29.4265	28.8316	27.6813	26.6174	25.2528	24.5209	23.8364	22.3642	20.1593	18.8826	17.1908	15.7739	14.4195	12.7097	12.0283	10.4516	9.123	8.0218	7.3081	6.4013	5.6052	5.0723	4.4995	4.0382	3.4343	2.2407	2.2587	2.0111	1.6417	1.004	0.5507	0	0	0.0805
504	41.0041	35.9011	40.4404	43.1792	46.7647	46.6811	44.0486	39.6681	36.0751	33.5233	31.7632	30.0347	29.684	28.3208	29.1559	28.9605	28.6911	28.3487	28.3964	28.2326	27.3805	27.0961	25.8455	24.8587	23.9267	23.5676	21.661	20.3414	18.3963	16.6621	15.3328	13.984	12.4387	11.6364	10.4638	9.315	8.142	7.3399	6.3593	5.6315	4.9037	5.0549	4.2418	3.5521	2.8835	1.9041	2.1152	1.5548	1.0326	0.7968	0	0	0.1623
506	36.0944	33.1895	37.4736	42.518	44.9611	44.0825	42.4336	39.4965	35.5779	33.051	31.8361	29.2518	28.316	27.8627	28.0481	28.1089	27.8863	28.1684	27.7289	27.6264	27.1558	26.1443	25.3736	24.3334	23.4004	22.7444	21.7817	19.6539	17.7808	16.5538	14.9669	13.491	12.9279	11.6358	10.6361	9.321	8.2729	7.3131	6.3986	5.6641	4.9558	4.7388	4.3396	3.7027	3.0463	2.2209	1.977	1.8574	1.4248	0.928	0.3401	0	0.2458
508	33.9861	30.4607	37.3013	40.8709	43.1681	44.2086	42.6554	37.872	36.7603	31.9963	30.4586	29.7361	28.096	27.4666	27.3133	27.0232	26.8488	27.4833	27.2832	27.003	26.1811	25.303	24.505	24.0855	22.9047	22.4837	21.5997	19.5329	18.0548	16.3795	14.905	13.5278	12.5841	11.3931	10.6106	9.4319	8.2134	7.293	6.445	5.6936	5.014	4.8788	4.3972	4.0819	3.4021	2.4428	1.9033	1.8532	1.5753	1.2419	0.6256	0	0.3311
510	33.1216	30.8163	35.3983	39.1818	41.3297	42.3605	39.9407	38.1268	35.9068	31.9969	30.6825	29.3097	27.8773	27.3547	26.187	26.2252	26.072	26.6181	26.8537	26.2078	25.9727	25.1439	24.1626	23.3116	22.6463	21.8916	20.7996	19.1393	17.5313	16.276	14.9831	13.2518	12.5393	11.5763	10.487	9.3293	8.6397	7.2709	6.4863	5.7178	5.0722	4.5045	4.4369	4.0309	3.5023	2.6563	1.8164	1.9857	1.7212	1.2617	0.8382	0.3067	0.4182
512	32.2282	27.3021	33.4462	37.2663	39.4413	41.019	38.6538	36.2055	34.5249	30.951	28.9334	28.0391	27.4175	25.8055	25.5623	25.7432	25.4922	25.7639	25.7073	25.2205	25.4292	24.0695	23.3303	22.371	22.2224	21.2719	20.3604	19.208	17.2223	15.8603	14.6251	13.3877	12.3239	11.1966	10.4603	9.5012	8.4376	7.2458	6.5167	5.7406	5.1299	4.5336	4.6455	4.0413	3.6215	2.8124	1.7917	1.6164	1.7519	1.4623	0.7999	0.5081	0.507
514	31.3106	30.5196	31.4497	35.1251	37.5084	40.4003	39.7478	36.7798	33.9822	31.2235	29.254	26.6159	26.3668	25.9186	25.2111	26.0852	24.9609	24.7422	24.6959	24.6077	24.3318	24.1171	23.165	21.9928	21.6032	21.0592	19.7734	18.5469	16.8626	15.8739	14.7067	13.0254	11.9205	10.9707	10.6545	9.6419	8.593	7.5291	6.5463	5.8047	5.1532	4.5624	4.5169	4.1937	3.6844	2.9536	2.0566	1.4218	1.6262	1.5527	1.0638	0.6735	0.672
516	30.3922	32.9442	29.4317	32.9618	36.9484	38.2012	37.5996	35.8859	31.3681	30.3339	28.4303	27.0308	25.8412	24.1271	24.412	24.1499	24.4718	24.2735	24.6492	24.7427	24.0935	23.6042	22.6426	21.5188	20.8209	20.8237	19.6286	18.2042	16.8435	15.6326	14.3165	12.6756	11.9158	11.1205	10.3495	9.4284	8.6582	7.6319	6.5803	5.8733	5.1102	4.5944	4.2681	4.2499	3.6959	3.0692	2.4641	1.5167	1.6212	1.6011	1.2538	0.8069	0.805
518	29.47	26.7198	27.3869	32.4657	34.4214	35.9763	38.2133	34.4269	31.8	30.0956	28.2064	26.9302	25.0425	24.5034	24.2028	23.8131	23.9941	24.1673	23.9888	23.7699	23.2015	22.7522	22.4206	21.4034	20.3083	19.6087	19.3025	18.2652	16.4405	15.364	14.035	12.7599	11.838	11.1631	10.2199	9.4227	8.4722	7.5817	6.6185	5.8755	5.069	4.6295	4.2243	4.3265	3.8792	3.3671	2.6787	1.3307	1.2022	1.6183	1.3762	0.9499	0.9477
520	28.5198	11.0815	26.9369	29.6156	31.8317	33.6945	35.5837	33.061	31.3789	28.8709	26.2011	25.8574	24.7223	23.9872	23.5491	22.9536	23.1273	23.3432	22.8997	22.995	22.9756	21.7279	21.6789	20.2502	20.3132	19.7563	18.8938	17.2179	16.3358	14.9869	13.4498	12.5891	11.7585	11.1849	9.9446	9.1449	8.4531	7.7125	6.6559	5.8402	5.1086	4.6642	4.2554	4.2112	3.7808	3.2467	2.9083	1.3535	0.9848	1.5145	1.364	0.9997	0.9974
522	27.5398	11.5739	24.7342	26.6969	29.2131	31.3537	33.7463	32.5017	31.8073	27.4009	27.5367	25.1064	24.2841	23.3356	22.8178	21.9374	22.0023	22.6465	21.992	22.1654	21.9555	21.8562	20.5508	20.0284	19.6461	19.1383	18.2334	17.1456	15.7295	14.4997	13.4063	12.4464	11.6089	10.7953	9.9772	9.1434	8.5857	7.7981	6.7901	5.8023	5.1475	4.655	4.2859	4.3984	3.8495	3.2978	2.8751	1.8579	0.6645	1.4821	1.4149	1.1119	1.1093
524	26.5321	12.0746	27.4524	23.7119	26.5692	28.9566	34.0348	32.4089	29.7235	27.3868	26.7962	23.9159	23.4964	22.4956	21.9458	22.0465	21.6719	21.9963	21.8712	21.3252	20.8634	21.5116	20.352	19.6134	19.4119	18.725	18.1145	16.9622	15.5302	14.6557	13.3194	11.9027	11.6482	10.3984	9.744	9.1425	8.4475	7.585	6.7326	5.7622	5.1641	4.6225	4.316	4.0934	3.7609	3.4037	3.0434	2.2332	0.8397	0.9894	1.5863	1.1664	1.1637
526	25.5138	12.5919	23.4958	20.675	23.8814	29.7833	31.9641	30.8318	29.2641	26.8878	26.4364	24.2149	23.3313	22.1992	21.1858	21.129	21.5227	21.497	20.9241	21.5341	20.8096	20.6034	19.6477	18.9768	18.7381	18.6039	17.7084	16.6798	15.1892	14.1803	12.8781	11.8458	11.2315	10.2928	9.6469	9.143	8.2641	7.4606	6.8312	5.7237	5.139	4.5913	4.3487	4.0379	3.9696	3.5909	3.125	2.5632	0.9523	0.5072	1.5916	1.271	1.2681
528	24.4824	13.1267	26.9709	17.5798	25.342	27.7143	29.8599	28.9746	28.3383	25.6876	24.2602	23.3954	21.8637	21.4038	21.2036	20.9203	21.0865	20.699	20.8052	20.5131	19.9749	19.6324	19.2687	18.9894	18.39	18.2587	16.877	16.3269	15.0639	13.7953	12.8357	11.8351	10.9852	10.1342	9.6412	8.9962	8.2174	7.5618	6.7311	5.84	5.1153	4.6295	4.3482	3.9827	3.891	3.4661	3.1397	2.7259	1.3588	0.213	1.1615	1.3961	1.3929
530	23.4198	13.6708	14.0767	19.7592	22.9896	25.5901	27.6989	28.7821	27.2855	26.2606	24.1309	23.3598	21.6234	20.7704	20.5486	20.5656	20.1391	19.9456	19.9615	20.4954	19.4047	19.3178	18.8056	17.7371	17.8176	17.4846	16.9268	15.6452	14.5752	13.4071	12.6963	11.5744	10.9587	10.0498	9.1092	8.5275	7.7968	7.1662	6.6775	5.7824	5.0896	4.6673	4.2744	3.925	3.6971	3.5767	3.0756	2.7369	1.9403	0.1497	0.5537	1.3204	1.3174
532	22.3293	14.2263	5.0651	20.1806	20.581	23.3092	25.4853	28.2301	27.3497	25.2389	24.709	22.9	21.7074	20.5194	20.2108	20.0392	19.7762	19.6558	19.5723	19.9905	18.8416	18.5819	17.8644	17.4856	17.8258	16.9816	16.5507	15.1932	14.8807	12.9391	12.1122	11.3138	10.6194	9.7238	9.1381	8.5233	7.9916	7.5048	6.6213	5.8449	5.0626	4.6328	4.1983	3.8655	3.5213	3.3578	3.302	2.7535	2.13	0.458	0.2639	1.2837	1.2808
534	21.2073	14.7911	8.0159	21.8019	18.1126	20.8644	23.2145	27.9125	26.1183	23.5583	23.4387	22.1689	21.0413	19.667	19.7678	19.3723	18.6492	19.1997	19.023	18.8696	18.7771	17.8682	17.4619	17.1393	17.0262	16.7848	15.7944	15.0921	13.9465	12.6293	11.7769	11.3257	10.4329	9.5253	8.9482	8.279	7.7749	7.4064	6.6018	5.8711	5.0336	4.5596	4.1413	3.8034	3.4881	3.3808	3.283	2.7995	2.4172	1.0257	0	1.031	1.0286
536	20.064	15.3733	11.0444	22.5282	15.5925	18.3691	24.1864	26.1894	25.7034	23.201	22.113	21.2238	19.9973	19.3654	18.8187	18.7109	18.2553	18.9693	18.4096	18.2531	17.5913	17.7813	16.9149	17.1233	16.9208	16.0359	15.7676	14.4637	13.5245	12.4486	11.8683	10.5644	10.3555	9.4753	8.8331	8.2232	7.752	6.9565	6.6629	5.9178	5.0429	4.4856	4.0839	3.749	3.4549	3.5046	3.2191	2.857	2.377	1.4605	0	0.5921	0.5907
538	18.8975	11.99	14.1555	20.3364	13.0168	20.7952	22.2429	24.4309	24.3892	22.6072	21.5946	20.8735	19.663	19.119	18.7532	17.8697	17.9948	18.2574	17.8222	17.8659	17.6563	17.3323	16.9924	16.4934	16.1972	15.94	15.464	14.0347	13.2637	12.2101	11.5757	10.3273	9.7786	9.3328	8.7434	8.1556	7.644	7.025	6.4173	5.8152	5.0528	4.4108	4.03	3.6982	3.4216	3.1548	3.2592	2.8922	2.4651	1.8938	0	0.0038	0.0038
540	17.6966	15.4193	17.3453	18.9267	17.1735	18.6485	20.246	22.6225	23.6398	22.0792	21.4861	21.3938	19.1833	18.1879	17.7905	17.1055	17.7284	17.6178	16.9169	16.8861	16.8257	16.8446	16.6961	15.4149	15.6762	15.2902	15.2746	13.7796	12.8042	11.9334	11.4062	10.1693	9.8006	9.078	8.4234	8.2726	7.3466	6.7994	6.5878	5.8661	5.1372	4.3327	3.9819	3.6449	3.3865	3.0762	3.1799	3.0189	2.487	1.9732	0.4643	0	0
542	16.5001	14.8187	13.0254	11.4734	19.1442	16.4841	18.2936	20.8131	24.1099	22.6785	20.8614	19.502	18.8148	18.1151	17.8016	17.4169	17.1518	17.4109	16.8895	16.9919	16.3745	16.4292	15.7863	15.484	15.1579	15.1158	14.5509	13.4536	12.7134	11.7215	11.0154	10.2419	9.3409	8.8439	8.2898	7.8565	7.1043	7.102	6.4497	5.7964	5.1083	4.3716	3.9406	3.6202	3.3436	3.0018	3.2132	3.0524	2.3671	2.2895	1.2252	0	0
544	21.2739	13.2477	6.0678	0	17.4926	14.2524	16.3347	18.9442	20.4892	21.7736	19.9321	19.2614	18.3434	17.4274	17.7412	16.7176	16.9155	16.1772	16.1939	16.4028	16.2176	16.181	15.5526	15.5548	15.3682	14.9992	14.3592	13.9194	12.1108	11.646	10.6336	9.9086	9.4556	8.8957	8.1419	7.6784	7.0407	6.7551	6.1368	5.5067	5.1436	4.6762	3.8964	3.5932	3.2705	2.9239	2.8959	2.7955	2.5982	2.1988	1.4754	0	0
546	25.9733	16.5001	8.0112	3.9376	19.0554	11.9471	14.3072	17.5055	19.2381	21.6552	18.6439	19.4889	17.9171	16.4061	16.8598	16.3563	16.1893	16.7043	15.7766	15.3868	15.7665	15.3068	15.4722	14.8352	14.4808	14.354	13.6356	13.075	12.3757	11.2405	10.4948	9.7533	9.0166	8.5815	7.7357	7.6359	6.8356	6.5514	6.1264	5.6246	5.1325	4.5873	3.8472	3.5343	3.1921	2.8411	2.5054	2.7945	2.5166	2.1594	1.7649	0.095	0.0948
548	26.5669	17.7277	9.0413	7.985	15.5841	9.5726	15.0816	15.5651	17.9372	19.6238	18.786	18.6755	16.8395	16.4961	15.7537	15.959	15.5548	16.0759	15.3624	15.3891	14.831	14.9292	14.5027	14.45	14.1521	14.2045	13.6338	12.7135	11.754	11.0476	10.5218	9.7216	9.0339	8.4726	7.9683	7.3034	7.1602	6.4702	6.062	5.3802	5.1798	4.4113	3.7933	3.4566	3.1099	2.7535	2.5071	2.7991	2.5083	2.3575	1.8157	0.6999	0.6983
550	29.2474	18.982	11.8277	12.1429	17.0394	12.8412	13.0256	13.5718	16.5978	19.8124	19.349	17.6279	16.955	16.212	15.5011	15.6398	15.2085	15.4612	14.9641	15.1839	14.9656	14.7201	13.8386	14.0789	14.0533	13.5742	12.9113	12.6593	11.844	10.6755	10.199	9.0885	8.4984	8.4594	7.4878	7.0432	6.4581	6.3743	5.8079	5.5134	4.9508	4.5036	3.7779	3.3757	3.0246	2.6967	2.5082	2.6678	2.5541	2.2731	1.8182	1.365	1.3619
552	35.9588	20.3201	16.4899	16.4584	16.3928	11.463	10.9464	11.8855	15.2631	18.9473	17.8173	16.8562	16.6016	15.5974	15.33	14.7501	14.8537	14.9294	14.8234	14.4417	14.0011	14.4293	14.0645	13.45	13.1894	13.0593	12.407	12.4285	11.2393	10.3306	9.6394	9.0417	8.2905	7.9014	7.5777	7.1998	6.6585	6.2249	5.6391	5.3499	5.0502	4.4637	3.9033	3.301	2.9615	2.6623	2.5154	2.385	2.4158	2.222	1.7663	1.4268	1.4236
554	29.1617	21.6908	16.3036	11.7138	7.7831	13.9146	8.8005	10.4753	13.8812	18.3522	16.8706	16.6617	16.9133	15.7323	14.4688	14.2736	14.6183	14.3902	14.1545	13.8581	13.6752	13.7278	13.1404	13.0678	13.1097	12.8337	12.3637	11.6475	10.9216	10.18	9.5913	8.7596	8.5931	7.7843	7.2842	6.983	6.3949	5.9845	5.5873	5.3151	4.5385	4.3816	4.0834	3.2225	2.9299	2.6256	2.5218	2.2909	2.3982	2.2568	1.9359	1.6914	1.6875
556	32.5032	23.9847	14.6389	6.7303	0	14.0848	6.5906	9.022	15.0852	16.8535	16.1004	16.2349	15.6891	14.6535	14.2341	13.5837	14.4645	14.0696	13.6999	13.6313	13.14	13.1139	13.2169	12.4641	12.8	12.4159	11.9342	11.3333	10.5063	9.6681	9.5388	8.903	8.176	7.7581	7.2811	6.8268	6.199	5.7997	5.5523	5.019	4.7612	4.1369	3.8319	3.3137	2.8971	2.634	2.5041	2.1937	2.3623	2.3617	2.076	1.7005	1.6966
558	30.9431	22.8655	13.932	6.3708	2.767	14.9424	4.3143	12.0187	13.2996	15.3079	16.0679	15.6593	14.6629	14.5986	14.0484	13.7211	13.5063	13.4278	12.9035	13.4726	13.109	12.7725	12.5485	12.0181	12.4104	12.1087	11.5024	10.9629	10.198	9.3151	9.0201	8.2757	7.6776	7.4178	6.9993	6.5689	6.16	5.8066	5.3751	5.0396	4.4657	4.2126	3.8801	3.4629	2.8629	2.6424	2.4368	2.0933	1.9998	2.4396	1.8327	1.6207	1.617
560	29.179	28.2733	14.0668	6.3966	5.6223	13.2839	9.2895	10.1811	11.4545	13.7088	15.2445	14.6003	14.8622	13.5811	13.3199	12.9512	12.9336	12.7838	13.0425	12.8583	12.7925	12.6388	12.0211	11.5959	11.7336	11.3743	11.0823	10.7772	9.8814	9.1975	8.6122	7.9356	7.5639	7.4599	6.7934	6.269	6.1011	5.4354	5.235	5.092	4.5983	4.1292	3.9558	3.3773	2.8264	2.601	2.3662	1.9889	1.5942	2.2041	1.8445	1.8267	1.8225
562	30.5436	26.1197	14.1987	8.0018	8.5659	14.7157	9.783	8.2847	9.6818	12.0558	14.8342	14.8916	14.3423	12.7517	12.3717	12.7865	12.3649	12.9311	12.3581	12.1649	12.0242	11.5983	11.6018	11.3372	11.442	11.5676	10.9222	10.3845	9.6184	9.2045	8.5227	7.8708	7.3347	7.0464	6.7528	6.1637	5.5905	5.6765	5.2404	4.7838	4.3841	4.0205	3.904	3.2811	2.7874	2.5324	2.2639	1.8803	1.6144	2.0902	1.9279	1.7193	1.7154
564	29.2756	22.2193	14.3282	11.2609	11.5984	11.8044	10.7387	6.33	7.9878	10.3497	14.2583	13.9104	13.3487	12.1325	12.7543	12.2257	11.924	12.2822	12.153	12.2485	11.7595	11.6336	11.2677	11.1113	11.042	10.7645	10.6543	9.8419	9.268	8.7404	8.1331	7.3342	7.1172	6.6989	6.3956	6.2241	5.7715	5.1494	4.9739	4.6209	4.3148	3.953	3.5395	3.4354	3.2858	2.4605	2.1576	1.8402	1.6345	1.7376	2.0014	1.8019	1.7978
566	29.9799	27.4631	14.4643	12.1983	10.2404	8.4967	10.394	4.3199	6.2459	11.4856	13.0771	13.8049	13.112	12.2895	11.6612	11.7701	11.9319	11.4358	11.8397	12.083	11.4845	11.4317	11.1266	11.2209	10.7939	10.6235	10.305	9.9258	9.0585	8.6695	7.9246	7.24	6.9494	6.4447	6.2081	5.8663	5.5643	5.1507	5.0074	4.5252	4.2265	3.9591	3.6575	3.3847	2.851	2.387	2.0852	1.8361	1.6555	1.5135	1.8183	1.8477	1.8435
568	27.004	28.8631	20.859	12.786	5.9027	0	11.8164	2.2507	9.0434	9.8051	11.8622	12.0887	12.6053	12.0121	11.7059	11.4178	11.203	11.3068	11.3766	11.2488	10.7559	10.9394	10.3291	10.4229	10.2139	10.3437	9.7239	9.3399	8.5328	7.9756	7.821	7.09	7.0164	6.3246	6.0924	5.6744	5.3742	5.0378	4.8619	4.6276	4.0902	3.7508	3.5147	3.3304	2.9397	2.3116	2.0852	1.8321	1.6774	1.4683	1.931	1.5909	1.5873
570	25.0278	26.5405	22.6808	13.9701	6.5449	2.8593	12.4109	6.7208	7.3418	8.0695	10.6049	12.9419	12.1277	12.3251	11.2262	11.2795	11.279	10.585	10.6721	10.5783	10.4496	10.6076	10.2711	9.8205	9.999	9.9613	9.449	9.1146	8.1946	8.2259	7.383	6.8254	6.7844	6.273	6.2179	5.4407	5.1418	4.8548	4.6027	4.3219	3.9225	3.6439	3.5003	3.1766	3.0132	2.461	2.0843	1.8563	1.6786	1.4211	1.6451	1.7481	1.7441
572	25.2281	26.9766	24.0148	14.4246	6.8543	5.8213	12.3714	6.9519	5.5983	6.5514	9.3252	12.3593	11.272	11.3086	10.8314	10.7229	10.4807	10.8708	10.9755	10.242	10.0955	10.5377	10.0691	9.8333	9.6526	9.8888	9.5368	8.6092	8.3617	7.6438	7.3859	6.7423	6.48	6.01	5.5765	5.2715	4.9575	4.7449	4.5949	4.2642	3.9036	3.7051	3.3325	3.2092	2.9779	2.4669	2.0869	1.8843	1.6407	1.3747	1.4834	1.605	1.6013
574	23.605	23.7518	24.8784	14.8864	8.6768	8.8867	13.7283	8.1429	3.7934	5.242	7.997	11.0025	11.1475	11.0395	10.4858	10.1821	9.8696	10.4645	9.7475	10.0313	9.5173	9.6884	9.1915	9.3905	9.3981	9.0236	9.3608	8.4129	8.0833	7.5644	6.875	6.4711	6.2065	5.9776	5.6124	5.0929	5.027	4.5445	4.5442	3.9967	3.7022	3.6292	3.4135	3.0338	2.7776	2.5881	2.0883	1.8694	1.6005	1.3259	1.0461	1.6028	1.5991
576	27.5432	23.5622	22.621	15.3554	12.092	12.0557	12.2241	10.0967	1.9273	3.8863	8.3944	10.1457	10.9323	10.5746	10.5862	10.0471	9.5812	9.7337	9.6859	9.5079	9.8597	9.2703	9.1529	8.96	9.1863	9.1728	8.5241	8.1806	7.7858	7.4748	6.7078	6.4389	6.1006	5.6687	5.2336	5.1664	4.772	4.4657	4.0773	4.1271	3.6939	3.3621	3.3718	2.984	2.7588	2.4167	2.0885	1.8312	1.5541	1.2747	1.0111	1.6275	1.6238
578	29.6276	20.8557	21.1858	15.8314	11.6484	7.9994	4.9545	9.7163	0	5.9378	7.2876	9.2552	10.54	9.9836	10.0993	9.4979	9.8583	9.4799	9.6768	9.6419	9.2942	9.2849	9.0169	8.8271	8.9328	8.7929	8.2202	8.1116	7.3123	7.2149	6.7206	6.2552	5.9377	5.5588	5.2946	4.9221	4.61	4.3369	4.2797	3.9038	3.5553	3.4432	3.0392	3.0919	2.6903	2.4957	2.1987	1.7907	1.5052	1.244	0.9743	1.4234	1.4201
580	24.3057	23.7144	21.6055	18.1954	11.1995	5.1639	0	11.3302	3.6831	4.825	6.1415	8.3313	10.6966	9.9989	9.2852	9.452	8.8183	9.2225	9.3491	9.3446	9.1259	8.9924	8.3344	8.8869	8.328	8.4586	8.0698	7.8779	7.2738	6.934	6.4895	6.117	5.8182	5.315	5.12	4.8581	4.449	4.4429	4.0401	3.7555	3.3434	3.1351	3.1922	2.8553	2.7268	2.4929	2.1547	1.7479	1.4656	1.2232	0.9358	1.0492	1.0468
582	25.6363	16.6198	19.8122	21.7732	13.4484	6.27	2.7001	11.6459	3.7676	3.6759	5.0792	7.3761	9.6872	8.5823	9.0734	9.0125	9.0325	8.9314	8.4788	8.8682	8.7646	8.4645	8.5749	8.2278	8.4668	8.1587	7.8645	7.7277	7.2048	6.8549	6.2307	5.8182	5.5647	5.1633	4.9412	4.8092	4.5505	4.1745	3.7473	3.5745	3.4733	3.1261	2.8854	2.8122	2.6887	2.3605	2.0613	1.7034	1.4479	1.2016	0.8958	0.591	0.5896
584	22.9173	17.6487	19.9504	15.7199	13.8195	6.5142	5.4897	12.2	5.7441	2.4886	4.104	6.3869	8.9951	8.9319	9.0115	8.6879	8.6409	8.3924	8.559	8.0769	8.7107	8.1917	8.1063	7.9839	8.2347	7.8761	7.4938	7.148	6.6983	6.4413	6.1145	5.8413	5.5489	5.0861	4.6888	4.7153	4.2095	4.2165	3.8297	3.6881	3.2302	3.0749	2.8959	2.69	2.8845	2.3923	2.0581	1.9076	1.429	1.1647	0.8541	0.5309	0.1027
586	25.7693	17.2202	19.0188	14.6542	14.1933	8.1677	8.3679	13.1605	6.8492	1.2631	3.0959	6.6582	8.2723	8.0481	8.6825	8.6096	8.2208	8.6907	8.2587	8.265	8.0421	8.408	8.0901	7.675	7.6176	7.2683	7.3721	6.9391	6.5619	6.4287	5.9034	5.6455	5.2132	4.9484	4.7678	4.4286	4.2163	3.8932	3.7191	3.579	3.2307	3.1524	2.8295	2.6256	2.4855	2.2852	2.1367	1.8381	1.4085	1.1259	0.8214	0.4687	0
588	19.4571	15.5595	17.0518	17.7055	14.5697	11.2976	11.3339	11.6946	6.2913	0	4.2861	5.8594	7.5224	8.0661	8.1643	8.6703	8.6893	7.8172	7.9937	7.8055	7.59	7.7932	7.9065	7.6825	7.2811	7.6858	7.3713	6.8851	6.4304	6.3733	5.652	5.3248	5.064	4.5965	4.4437	4.4168	3.8624	4.0388	3.639	3.4657	3.1016	2.8602	2.9137	2.8188	2.4962	2.2798	2.2087	1.7049	1.3865	1.0907	0.7927	0.4042	0
590	14.5322	15.5389	16.6744	15.9842	14.951	11.6423	8.9537	6.7405	6.7069	2.0563	3.4789	5.0343	6.7469	8.2859	7.3947	7.9124	7.8425	7.6466	7.7507	8.1297	7.5302	7.2843	7.1898	7.0734	7.2267	6.9701	6.7642	6.6014	6.2718	5.8927	5.3501	4.9913	4.8801	4.5328	4.5211	4.1669	3.9776	3.8359	3.5072	3.4519	2.9143	3.0631	2.6196	2.5897	2.4833	2.3551	2.1203	1.7722	1.3632	1.0652	0.7474	0.3376	0
592	20.6778	18.1117	18.3251	17.7525	14.17	8.7127	4.1092	0	5.692	2.9174	2.6562	4.2227	5.9673	7.6452	7.7069	7.455	7.4323	7.3533	7.7255	7.6349	7.15	7.3376	6.7736	6.7599	6.7884	6.7973	6.8028	6.7185	6.1446	5.5056	5.2505	4.925	4.8825	4.5051	4.24	3.9846	3.7138	3.406	3.4684	3.1914	3.1822	2.8297	2.5744	2.4046	2.5191	2.1735	2.0587	1.8096	1.6827	1.0422	0.6872	0.3574	0
594	19.5477	20.4919	17.2091	17.8874	18.0088	10.9986	4.9073	2.6407	9.8226	3.4262	1.8021	3.4041	5.1557	6.9617	7.0642	7.6007	7.5102	7.7738	7.5379	7.3081	6.9767	7.1279	6.8017	6.596	6.6457	6.4113	6.2289	6.0456	6.0519	5.696	5.3679	4.8275	4.4341	4.198	4.0785	3.9638	3.6865	3.5376	3.2163	2.9744	2.8209	2.8473	2.5556	2.5617	2.2562	2.0652	1.953	1.8647	1.5907	1.0177	0.7149	0	0
596	21.8439	22.3499	18.1639	17.605	18.1031	10.5958	7.0229	5.3806	9.1163	4.8013	0.9171	2.5555	4.6956	6.3427	6.4793	6.7505	6.9596	7.3577	7.1772	6.7892	7.1198	7.0084	6.5402	6.8044	6.4349	6.1677	6.4042	5.988	5.6816	5.3445	5.1983	4.7373	4.3943	4.1511	4.0238	3.6439	3.583	3.4966	3.313	2.9567	2.9575	2.7245	2.4799	2.3994	2.1484	2.0582	2.0551	1.8565	1.5255	0.9921	0.7402	0	0
598	16.3941	19.9101	12.4568	17.3078	17.5525	12.182	9.9699	8.2237	10.1765	3.419	0	2.3278	4.0278	5.6999	6.021	6.6974	6.8751	6.4983	6.8	6.929	6.7881	6.5729	6.3482	6.1969	6.2393	6.6282	6.365	5.7254	5.489	5.0537	4.8326	4.6853	4.3222	4.135	3.9668	3.6585	3.5786	3.3275	3.1285	2.9821	2.7031	2.515	2.483	2.3575	2.2117	1.9294	1.9073	1.9093	1.4573	1.214	0	0	0
600	25.7676	18.7419	17.0354	17.2531	18.525	15.4471	13.0223	11.1691	9.7723	4.2106	0	1.6233	3.3333	5.0303	6.7399	6.3263	6.7548	6.7938	6.8152	6.3483	6.1949	6.4237	5.8066	6.4062	6.199	6.1244	5.7331	5.753	5.4456	4.915	4.7703	4.4917	4.2779	4.0833	3.7285	3.5529	3.4	3.0534	3.1073	2.811	2.7555	2.5828	2.4437	2.4747	2.2636	1.9144	1.8861	1.8651	1.5089	1.1512	0	0	0
