Description	E3-M																																																				
EEM type	"Dilution- & Scatter-corrected, Calibrated Data (ppb QSE)"																																																				
Scan date	10/1/2013 13:14																																																				
Excitation	240-500nm by 5nm																																																				
Emission	290-600nm by 2nm																																																				
Calibration	Michael_Fluoromax4_April08 (07-Apr-2008)																																																				
Slit settings	"5nm Excitation, 5nm Emission"																																																				
Dilution	5																																																				
Row 1	Excitation(nm)																																																				
Col 1	Emission(nm)																																																				
Data	Fluorescence(ppb QSE)																																																				
																																																					
	240	245	250	255	260	265	270	275	280	285	290	295	300	305	310	315	320	325	330	335	340	345	350	355	360	365	370	375	380	385	390	395	400	405	410	415	420	425	430	435	440	445	450	455	460	465	470	475	480	485	490	495	500
290	7.6105	4.664	2.7733	2.044	1.4178	0.8729	0.4121	0	0	0	0	0	0	0	0	0	0	0	0	0	0	0	0	0	0	0	0	0	0	0	0	0	0	0	0	0	0	0	0	0	0	0	0	0	0	0	0	0	0	0	0	0	0
292	2.7164	1.3892	5.0138	2.6616	1.994	1.4097	1.0135	0.5935	0	0	0	0	0	0	0	0	0	0	0	0	0	0	0	0	0	0	0	0	0	0	0	0	0	0	0	0	0	0	0	0	0	0	0	0	0	0	0	0	0	0	0	0	0
294	8.407	9.0983	3.77	3.2654	2.5574	2.1234	1.8692	1.1741	0	0	0	0	0	0	0	0	0	0	0	0	0	0	0	0	0	0	0	0	0	0	0	0	0	0	0	0	0	0	0	0	0	0	0	0	0	0	0	0	0	0	0	0	0
296	9.7118	5.2625	6.2875	3.8502	3.4069	3.0041	2.8933	1.7396	0	0	0	0	0	0	0	0	0	0	0	0	0	0	0	0	0	0	0	0	0	0	0	0	0	0	0	0	0	0	0	0	0	0	0	0	0	0	0	0	0	0	0	0	0
298	17.5464	10.8335	11.6545	7.4327	4.3285	3.8571	3.8864	2.2875	0.644	0	0	0	0	0	0	0	0	0	0	0	0	0	0	0	0	0	0	0	0	0	0	0	0	0	0	0	0	0	0	0	0	0	0	0	0	0	0	0	0	0	0	0	0
300	19.4017	11.3821	11.2626	7.4668	5.2231	4.8819	4.6309	2.8195	1.2699	0	0	0	0	0	0	0	0	0	0	0	0	0	0	0	0	0	0	0	0	0	0	0	0	0	0	0	0	0	0	0	0	0	0	0	0	0	0	0	0	0	0	0	0
302	19.2032	16.2917	11.5263	9.387	6.1893	5.9713	5.2189	3.5798	1.9083	0	0	0	0	0	0	0	0	0	0	0	0	0	0	0	0	0	0	0	0	0	0	0	0	0	0	0	0	0	0	0	0	0	0	0	0	0	0	0	0	0	0	0	0
304	18.5229	13.0571	11.6865	9.9165	4.6832	7.0649	5.8089	4.3428	2.5488	0.6737	0	0	0	0	0	0	0	0	0	0	0	0	0	0	0	0	0	0	0	0	0	0	0	0	0	0	0	0	0	0	0	0	0	0	0	0	0	0	0	0	0	0	0
306	16.6929	18.5645	11.5121	11.0407	6.6434	8.1584	6.5941	5.0423	3.1901	1.349	0	0	0	0	0	0	0	0	0	0	0	0	0	0	0	0	0	0	0	0	0	0	0	0	0	0	0	0	0	0	0	0	0	0	0	0	0	0	0	0	0	0	0
308	21.3158	18.4592	11.0618	8.9208	7.1191	9.2503	7.3776	5.6769	3.8933	2.025	0	0	0	0	0	0	0	0	0	0	0	0	0	0	0	0	0	0	0	0	0	0	0	0	0	0	0	0	0	0	0	0	0	0	0	0	0	0	0	0	0	0	0
310	23.6821	19.8972	13.3729	12.0962	9.5536	7.1552	8.1623	6.3124	4.5977	2.7021	0.7534	0	0	0	0	0	0	0	0	0	0	0	0	0	0	0	0	0	0	0	0	0	0	0	0	0	0	0	0	0	0	0	0	0	0	0	0	0	0	0	0	0	0
312	19.2712	23.4974	17.3658	12.2375	9.4071	7.9737	8.8943	6.9684	5.2505	3.3599	1.4989	0	0	0	0	0	0	0	0	0	0	0	0	0	0	0	0	0	0	0	0	0	0	0	0	0	0	0	0	0	0	0	0	0	0	0	0	0	0	0	0	0	0
314	20.2593	18.8502	16.1123	13.4982	8.3071	9.5987	9.6181	7.617	5.8755	4.147	2.2365	0	0	0	0	0	0	0	0	0	0	0	0	0	0	0	0	0	0	0	0	0	0	0	0	0	0	0	0	0	0	0	0	0	0	0	0	0	0	0	0	0	0
316	23.7856	22.7474	20.3478	16.3052	8.9457	8.4268	10.4511	8.231	6.472	4.9092	2.9564	0.6846	0	0	0	0	0	0	0	0	0	0	0	0	0	0	0	0	0	0	0	0	0	0	0	0	0	0	0	0	0	0	0	0	0	0	0	0	0	0	0	0	0
318	26.4858	21.1151	18.1844	13.827	10.9571	10.4396	10.7763	8.8034	7.1642	5.594	3.6511	1.3527	0	0	0	0	0	0	0	0	0	0	0	0	0	0	0	0	0	0	0	0	0	0	0	0	0	0	0	0	0	0	0	0	0	0	0	0	0	0	0	0	0
320	26.1931	22.5479	17.8839	15.1234	10.4945	10.2938	11.7003	9.3594	7.8376	6.2167	4.0802	2.0043	0	0	0	0	0	0	0	0	0	0	0	0	0	0	0	0	0	0	0	0	0	0	0	0	0	0	0	0	0	0	0	0	0	0	0	0	0	0	0	0	0
322	23.1805	19.9265	16.1357	15.9158	10.5529	10.3245	11.2483	11.1126	8.4527	6.7907	4.4767	2.6273	0.6359	0	0	0	0	0	0	0	0	0	0	0	0	0	0	0	0	0	0	0	0	0	0	0	0	0	0	0	0	0	0	0	0	0	0	0	0	0	0	0	0
324	27.5368	22.6921	20.874	18.2886	11.8944	10.8349	11.1615	9.6266	9.0421	7.1117	4.9369	3.2276	1.2499	0	0	0	0	0	0	0	0	0	0	0	0	0	0	0	0	0	0	0	0	0	0	0	0	0	0	0	0	0	0	0	0	0	0	0	0	0	0	0	0
326	28.4868	19.231	19.5719	14.8624	11.6423	10.5335	12.2083	11.6574	9.6014	7.4139	5.4542	3.6968	1.8413	0	0	0	0	0	0	0	0	0	0	0	0	0	0	0	0	0	0	0	0	0	0	0	0	0	0	0	0	0	0	0	0	0	0	0	0	0	0	0	0
328	25.7584	19.9606	20.1358	14.0433	12.7806	10.668	11.4857	11.1291	9.9246	7.6968	5.9467	4.1447	2.409	0.5974	0	0	0	0	0	0	0	0	0	0	0	0	0	0	0	0	0	0	0	0	0	0	0	0	0	0	0	0	0	0	0	0	0	0	0	0	0	0	0
330	25.0984	27.1203	19.9961	14.3205	13.6914	10.7688	11.0944	11.5415	10.4665	7.9635	6.3179	4.6071	2.9538	1.1721	0	0	0	0	0	0	0	0	0	0	0	0	0	0	0	0	0	0	0	0	0	0	0	0	0	0	0	0	0	0	0	0	0	0	0	0	0	0	0
332	28.3771	23.2695	19.4557	15.8216	12.7985	13.2009	10.8685	12.0949	11.2891	8.1259	6.5987	5.0276	3.4158	1.7054	0	0	0	0	0	0	0	0	0	0	0	0	0	0	0	0	0	0	0	0	0	0	0	0	0	0	0	0	0	0	0	0	0	0	0	0	0	0	0
334	28.0431	22.7884	21.4948	16.0984	13.6791	11.1356	10.3943	11.158	10.7303	9.8011	6.8503	5.4134	3.8436	2.2036	0.6173	0	0	0	0	0	0	0	0	0	0	0	0	0	0	0	0	0	0	0	0	0	0	0	0	0	0	0	0	0	0	0	0	0	0	0	0	0	0
336	25.7255	24.3159	20.0161	15.7915	12.6034	11.6371	10.9578	12.0016	10.5692	9.6008	7.0799	5.7498	4.2488	2.6693	1.1965	0	0	0	0	0	0	0	0	0	0	0	0	0	0	0	0	0	0	0	0	0	0	0	0	0	0	0	0	0	0	0	0	0	0	0	0	0	0
338	27.4498	25.569	18.5757	14.7637	13.5799	11.4345	10.6232	10.9682	11.3138	10.5522	7.2887	6.0602	4.632	3.2845	1.7393	0	0	0	0	0	0	0	0	0	0	0	0	0	0	0	0	0	0	0	0	0	0	0	0	0	0	0	0	0	0	0	0	0	0	0	0	0	0
340	25.276	23.6194	18.5969	16.2972	12.779	11.1935	10.7596	12.0142	11.238	10.2697	7.7457	6.3394	4.9824	3.8551	2.2451	0.7394	0	0	0	0	0	0	0	0	0	0	0	0	0	0	0	0	0	0	0	0	0	0	0	0	0	0	0	0	0	0	0	0	0	0	0	0	0
342	27.5636	24.3879	21.1522	17.4435	13.4912	11.9618	11.4189	10.8918	10.2472	10.0649	8.783	6.6233	5.4977	4.3485	2.7287	1.4379	0	0	0	0	0	0	0	0	0	0	0	0	0	0	0	0	0	0	0	0	0	0	0	0	0	0	0	0	0	0	0	0	0	0	0	0	0
344	25.3268	23.9781	21.1136	15.7644	13.9925	12.0763	12.561	11.7474	11.3359	10.948	8.7036	6.8809	5.9757	4.7527	3.6133	2.0956	0.1613	0	0	0	0	0	0	0	0	0	0	0	0	0	0	0	0	0	0	0	0	0	0	0	0	0	0	0	0	0	0	0	0	0	0	0	0
346	26.2424	23.3467	26.1102	16.0234	15.2897	12.4807	11.0297	12.5984	11.4671	11.4731	9.6923	7.8323	6.4333	5.1393	4.4533	2.7194	0.9501	0	0	0	0	0	0	0	0	0	0	0	0	0	0	0	0	0	0	0	0	0	0	0	0	0	0	0	0	0	0	0	0	0	0	0	0
348	29.6471	27.311	21.0752	17.752	14.3035	14.0507	12.3118	12.0909	12.3909	11.6637	10.2482	9.4452	6.8753	5.921	5.1293	3.3147	1.6999	0.0139	0	0	0	0	0	0	0	0	0	0	0	0	0	0	0	0	0	0	0	0	0	0	0	0	0	0	0	0	0	0	0	0	0	0	0
350	28.3646	27.6072	22.609	18.1657	15.2249	13.9962	13.4097	12.9048	12.6905	11.3001	10.9024	9.4488	7.2864	6.6564	5.6418	3.9836	2.4103	0.7524	0	0	0	0	0	0	0	0	0	0	0	0	0	0	0	0	0	0	0	0	0	0	0	0	0	0	0	0	0	0	0	0	0	0	0
352	30.0773	27.328	23.9671	18.1296	15.2694	13.1975	13.7736	13.2642	12.8201	12.6038	11.3987	10.4146	8.9623	7.3467	6.1217	4.6138	3.0819	1.5493	0.2832	0	0	0	0	0	0	0	0	0	0	0	0	0	0	0	0	0	0	0	0	0	0	0	0	0	0	0	0	0	0	0	0	0	0
354	31.1576	27.9981	24.1533	19.1347	16.1503	14.3985	13.8166	12.8071	13.8806	12.9509	11.7111	10.4168	9.4088	7.9909	6.6694	5.2049	3.9422	2.5773	0.7875	0	0	0	0	0	0	0	0	0	0	0	0	0	0	0	0	0	0	0	0	0	0	0	0	0	0	0	0	0	0	0	0	0	0
356	33.0327	28.6472	24.0754	19.6	15.8016	14.0255	14.8367	14.0985	13.7763	13.5528	12.4693	12.0405	10.606	8.6185	7.4244	6.2214	4.9348	3.5591	2.1221	0.2541	0	0	0	0	0	0	0	0	0	0	0	0	0	0	0	0	0	0	0	0	0	0	0	0	0	0	0	0	0	0	0	0	0
358	33.1867	30.5985	25.4775	21.3614	17.142	15.4059	14.7694	14.5749	14.3135	13.7498	12.9744	12.4196	10.8872	10.0509	8.3796	7.207	5.7867	4.5052	3.2646	1.2868	0.4051	0	0	0	0	0	0	0	0	0	0	0	0	0	0	0	0	0	0	0	0	0	0	0	0	0	0	0	0	0	0	0	0
360	32.7533	32.673	24.8828	23.1351	17.9136	16.7441	14.6459	14.8318	15.0265	14.2512	13.6603	13.1688	12.3322	10.5441	9.2866	8.0387	6.597	5.4071	4.2112	2.3687	0.6631	0	0	0	0	0	0	0	0	0	0	0	0	0	0	0	0	0	0	0	0	0	0	0	0	0	0	0	0	0	0	0	0
362	34.6102	30.8746	27.8721	22.6964	18.9389	17.1627	16.9293	15.1948	15.7681	15.1591	14.2074	13.5779	12.9129	11.9868	10.2168	8.8368	7.4792	6.4061	5.1488	3.1946	1.4259	0	0	0	0	0	0	0	0	0	0	0	0	0	0	0	0	0	0	0	0	0	0	0	0	0	0	0	0	0	0	0	0
364	40.3899	31.4917	29.4344	23.1276	20.048	18.1951	17.3114	16.7373	16.9078	15.718	15.6494	14.2145	14.0024	13.0749	11.6722	9.6062	8.3307	7.5635	6.0554	4.2892	2.1437	0.6927	0	0	0	0	0	0	0	0	0	0	0	0	0	0	0	0	0	0	0	0	0	0	0	0	0	0	0	0	0	0	0
366	38.5145	32.6803	30.7222	25.5599	22.0209	18.9166	16.9226	16.4794	16.3532	16.5618	15.9706	15.6435	15.3347	13.8278	12.1476	10.3555	9.348	8.6885	6.9365	5.1504	2.8245	1.3827	0.0586	0	0	0	0	0	0	0	0	0	0	0	0	0	0	0	0	0	0	0	0	0	0	0	0	0	0	0	0	0	0
368	38.3784	34.5226	31.6707	26.3208	22.2891	19.693	18.4938	17.6682	17.3659	17.4049	16.7463	16.2579	16.0711	14.879	13.8154	11.0868	10.4324	9.5259	7.7814	5.9885	3.9921	1.8205	0.5748	0	0	0	0	0	0	0	0	0	0	0	0	0	0	0	0	0	0	0	0	0	0	0	0	0	0	0	0	0	0
370	43.9534	36.7457	33.3959	27.8421	23.2996	21.4883	19.3773	19.0683	18.5445	17.3357	17.8323	17.1504	17.523	16.4182	15.0563	13.0993	11.4812	10.3351	8.5726	6.7999	5.0242	2.7362	1.3473	0	0	0	0	0	0	0	0	0	0	0	0	0	0	0	0	0	0	0	0	0	0	0	0	0	0	0	0	0	0
372	44.9278	40.3877	36.1123	29.9234	24.744	22.2772	20.1367	19.1203	19.4361	18.4601	18.7785	18.4327	18.4622	17.5191	16.0561	14.7171	12.5588	11.1474	9.385	7.812	5.9608	3.6005	1.9213	0.5712	0	0	0	0	0	0	0	0	0	0	0	0	0	0	0	0	0	0	0	0	0	0	0	0	0	0	0	0	0
374	46.5832	41.1067	33.8681	31.7611	26.1873	23.6917	21.4053	20.1256	20.2755	20.633	19.9682	19.3296	18.8128	18.0379	17.5511	15.8853	13.613	12.1175	10.5552	8.9893	6.8779	4.7446	2.2897	0.9127	0	0	0	0	0	0	0	0	0	0	0	0	0	0	0	0	0	0	0	0	0	0	0	0	0	0	0	0	0
376	45.4773	41.8564	38.4583	32.3221	25.6977	23.6686	22.3917	21.5092	21.4032	21.2365	21.0938	21.1669	20.2463	19.8268	19.0821	17.3679	14.9159	13.2415	11.6902	9.9519	7.7689	5.485	3.4179	1.6636	0.0337	0	0	0	0	0	0	0	0	0	0	0	0	0	0	0	0	0	0	0	0	0	0	0	0	0	0	0	0
378	51.2359	47.7729	39.6062	34.0995	29.0361	24.9944	25.1249	22.8619	22.3755	22.1836	21.774	22.0126	21.7803	21.2487	20.0335	18.4845	16.5346	14.3256	12.7869	10.8817	8.6312	6.4557	4.19	2.0536	0.9215	0	0	0	0	0	0	0	0	0	0	0	0	0	0	0	0	0	0	0	0	0	0	0	0	0	0	0	0
380	52.8667	47.8588	41.8681	34.6256	30.3514	26.5863	25.1165	24.0214	23.225	23.1583	23.2327	23.697	23.1244	22.4062	20.9608	19.8817	17.8537	15.38	13.6758	11.7461	9.4707	7.4018	5.2835	3.0651	1.4054	0	0	0	0	0	0	0	0	0	0	0	0	0	0	0	0	0	0	0	0	0	0	0	0	0	0	0	0
382	62.3563	49.517	43.0908	38.1501	31.9862	27.8162	26.1452	24.9472	24.4311	24.2964	24.334	24.4124	23.9564	23.8202	22.8816	21.2141	18.8067	16.4799	14.6059	12.6036	10.4756	8.361	6.1849	3.8292	1.9522	0.7316	0	0	0	0	0	0	0	0	0	0	0	0	0	0	0	0	0	0	0	0	0	0	0	0	0	0	0
384	54.0283	51.3128	44.8084	38.0137	33.4812	30.0387	26.8045	25.1292	25.2289	24.8469	25.4957	25.7669	25.6654	24.4432	23.9301	21.8215	21.0096	18.0864	15.5201	13.4465	11.4641	9.3048	7.0263	4.6697	2.635	1.2994	0	0	0	0	0	0	0	0	0	0	0	0	0	0	0	0	0	0	0	0	0	0	0	0	0	0	0
386	57.0526	55.8066	44.4994	39.8944	34.2315	31.5702	28.1493	26.6154	26.2717	26.5334	26.1323	27.7236	26.5556	25.8208	24.9881	23.3955	21.6081	19.566	16.4799	14.4699	12.461	10.2712	7.8833	5.799	3.4539	2.0192	0.3393	0	0	0	0	0	0	0	0	0	0	0	0	0	0	0	0	0	0	0	0	0	0	0	0	0	0
388	61.6071	55.4876	47.6041	41.3009	38.422	31.759	30.1553	28.8059	27.1582	27.7543	28.4106	27.7323	28.5978	27.5599	26.0744	24.8918	23.014	20.6814	17.4967	15.5425	13.4784	11.1784	8.7657	6.6686	4.2397	2.4625	1.1426	0	0	0	0	0	0	0	0	0	0	0	0	0	0	0	0	0	0	0	0	0	0	0	0	0	0
390	66.8219	58.877	50.3783	42.9156	38.0866	34.1529	31.1283	28.9999	28.5183	27.5919	28.3949	28.8983	29.5139	28.7819	27.4997	26.2852	24.1987	22.29	19.1261	16.6146	14.4951	12.085	9.6476	7.3717	5.5476	3.2125	1.6244	0.0421	0	0	0	0	0	0	0	0	0	0	0	0	0	0	0	0	0	0	0	0	0	0	0	0	0
392	63.341	59.7751	50.8517	44.2332	38.2022	34.9763	31.7498	30.6937	28.7905	28.9196	29.3492	30.1968	30.732	29.7631	29.3711	27.1227	25.6473	23.2419	20.8437	17.5803	15.3243	12.9134	10.6121	8.2989	6.0973	3.9537	2.3477	0.7544	0	0	0	0	0	0	0	0	0	0	0	0	0	0	0	0	0	0	0	0	0	0	0	0	0
394	69.6266	63.0848	54.0844	47.5018	39.851	35.8575	32.3123	30.2295	30.2921	30.8675	30.5718	31.4479	31.544	32.1358	30.5142	28.5507	26.6546	24.5247	22.1579	18.5324	16.2938	14.029	11.6614	9.2137	7.1634	4.8825	2.8562	1.5737	0	0	0	0	0	0	0	0	0	0	0	0	0	0	0	0	0	0	0	0	0	0	0	0	0
396	71.1187	60.1163	52.768	49.5008	41.442	36.4385	34.1013	31.8442	31.0435	31.5128	31.3002	32.4342	33.1306	32.5403	31.0732	29.2914	28.2629	25.7748	23.2799	20.2724	17.4279	15.153	12.6219	10.1319	7.8089	5.7931	3.4032	1.9996	0.53	0	0	0	0	0	0	0	0	0	0	0	0	0	0	0	0	0	0	0	0	0	0	0	0
398	69.6602	62.4855	58.3907	50.0426	45.5786	37.942	34.3789	33.0277	31.6924	32.6672	32.5312	33.7295	35.0728	33.8709	32.7381	31.2089	28.9859	27.6917	24.4694	21.5839	18.5794	16.1942	13.5938	11.058	8.8127	6.7977	4.4604	2.6093	1.2471	0	0	0	0	0	0	0	0	0	0	0	0	0	0	0	0	0	0	0	0	0	0	0	0
400	78.195	63.8811	57.6362	52.2481	45.7801	40.5318	36.2392	33.4847	32.6836	33.2937	33.7176	34.706	35.4033	35.2224	34.4322	32.5646	31.2756	28.9086	25.8848	23.3988	19.723	17.18	14.5281	12.0308	9.8098	7.525	5.3866	3.1151	1.8975	0.2931	0	0	0	0	0	0	0	0	0	0	0	0	0	0	0	0	0	0	0	0	0	0	0
402	73.3365	72.2893	64.436	53.1772	47.3476	41.2611	37.3872	34.7644	34.0927	33.6859	34.6576	35.2958	37.0524	36.8346	36.0492	33.7916	32.3205	30.7873	27.7352	24.9328	21.4115	18.1278	15.4294	13.0802	10.7816	8.5327	6.4023	4.1309	2.4192	1.0506	0	0	0	0	0	0	0	0	0	0	0	0	0	0	0	0	0	0	0	0	0	0	0
404	81.3634	71.1053	64.8291	56.7168	48.6854	43.4452	40.4813	36.3103	35.2432	35.3794	34.752	37.2876	38.0264	38.1127	37.9669	35.8254	33.4347	31.9884	28.9923	26.4492	22.8418	19.065	16.4285	14.1185	11.743	9.4079	7.1882	4.9445	2.8932	1.783	0	0	0	0	0	0	0	0	0	0	0	0	0	0	0	0	0	0	0	0	0	0	0
406	81.7767	72.3672	65.3232	56.3813	50.7801	45.3252	40.6187	37.5197	36.8885	35.3404	36.5213	37.8811	39.3477	39.3709	39.0105	37.344	35.105	32.9119	30.0843	27.9916	24.327	20.0293	17.5029	15.0985	12.6868	10.293	7.906	5.8018	3.4174	2.205	0.4988	0	0	0	0	0	0	0	0	0	0	0	0	0	0	0	0	0	0	0	0	0	0
408	81.3709	74.2216	67.0755	60.5956	52.8992	45.6635	41.7647	38.898	37.1	37.3118	37.8647	38.7089	40.2257	40.2025	39.5574	39.4022	36.3808	35.0517	31.8936	29.0653	25.7773	22.2314	18.6049	16.102	13.5876	11.1932	8.866	6.4093	4.3653	2.7857	1.362	0	0	0	0	0	0	0	0	0	0	0	0	0	0	0	0	0	0	0	0	0	0
410	84.864	77.4145	69.2021	59.9487	55.7187	48.4681	43.386	39.7914	38.5991	37.8992	39.0841	39.8252	40.715	41.6657	41.3747	40.5219	38.0209	36.0233	33.5372	30.6805	27.1024	23.7581	19.704	17.0398	14.4859	12.2219	9.7132	7.2725	5.304	3.1758	1.9407	0.2634	0	0	0	0	0	0	0	0	0	0	0	0	0	0	0	0	0	0	0	0	0
412	84.139	79.1378	69.6076	64.1334	55.9698	49.9509	45.061	41.8948	39.4816	38.9885	39.3259	41.3396	42.2808	42.2709	42.7693	41.6506	39.4773	36.9359	34.9803	31.7209	28.8318	25.6663	20.8017	18.0782	15.6459	13.3796	10.5587	8.4679	5.9629	3.8478	2.4962	0.9768	0	0	0	0	0	0	0	0	0	0	0	0	0	0	0	0	0	0	0	0	0
414	86.7987	82.6236	71.0593	63.6291	58.1496	50.1434	46.9072	42.2328	40.5705	39.7887	41.2704	42.5797	42.5459	44.098	43.5887	42.8661	40.4837	38.4168	36.5683	33.3852	29.873	26.4582	22.7628	19.247	16.8029	14.2184	11.4019	8.654	6.6565	4.6063	3.0583	1.771	0	0	0	0	0	0	0	0	0	0	0	0	0	0	0	0	0	0	0	0	0
416	95.5648	82.7659	72.6722	67.2501	60.4899	51.1819	47.7489	44.0979	42.1555	40.9258	41.2883	43.9185	43.9807	43.9886	44.7801	43.7099	41.7093	39.839	37	34.7717	31.1107	27.9634	24.3648	20.4595	17.9979	15.0891	12.2708	9.4688	7.2959	5.3848	3.5862	2.1417	0.8744	0	0	0	0	0	0	0	0	0	0	0	0	0	0	0	0	0	0	0	0
418	91.0054	85.1945	77.4406	71.4725	61.5248	54.7993	47.8779	45.6116	42.3672	42.0118	42.3257	43.6565	44.0594	45.8298	45.9578	44.8376	43.3376	41.6419	38.5291	36.1216	32.5814	29.185	25.6977	21.7237	18.9198	15.9978	13.2037	10.4376	8.2477	6.0062	4.2051	2.6374	1.3579	0	0	0	0	0	0	0	0	0	0	0	0	0	0	0	0	0	0	0	0
420	97.7409	90.1196	78.5421	66.8162	62.916	55.1878	48.7519	45.8682	43.1936	42.1065	42.8723	44.9236	45.3961	46.4691	46.7813	45.8996	44.7784	42.5041	40.7534	37.3018	34.0596	30.605	26.9572	22.9959	19.8802	16.9772	14.1559	11.4125	9.2573	6.7509	4.8113	3.0264	2.1292	0.4486	0	0	0	0	0	0	0	0	0	0	0	0	0	0	0	0	0	0	0
422	104.2455	88.4989	79.9007	71.4151	65.0467	56.0434	50.4087	46.5793	44.7551	44.3671	44.212	44.8049	46.3991	47.3608	47.901	46.9844	45.3058	43.8253	41.562	38.8228	35.7089	32.0297	28.117	24.5774	20.8844	17.9672	15.0792	12.3965	9.7471	7.5675	5.4827	3.6304	2.5795	1.0489	0	0	0	0	0	0	0	0	0	0	0	0	0	0	0	0	0	0	0
424	93.6489	92.0035	79.2454	74.4468	65.0198	55.7502	53.484	47.5489	45.4674	44.3107	45.0506	45.2811	47.6213	48.3829	48.4825	48.4234	46.4433	45.1061	42.4157	39.8684	36.1597	33.1316	29.4033	25.475	21.8951	18.9251	16.0087	13.3871	10.5591	8.6069	6.049	4.309	2.9535	1.6724	0.058	0	0	0	0	0	0	0	0	0	0	0	0	0	0	0	0	0	0
426	97.7101	88.1661	84.1751	73.4248	66.2585	58.6373	53.8654	48.5037	45.7383	45.1805	44.5587	46.1587	48.5971	48.1054	48.8729	49.1905	47.5893	46.0526	44.3184	41.0393	37.5829	34.7112	30.5793	27.1159	22.9496	19.9021	17.0394	14.291	11.3949	9.2641	6.851	4.9178	3.4881	2.2451	0.6068	0	0	0	0	0	0	0	0	0	0	0	0	0	0	0	0	0	0
428	103.5999	90.7001	84.2683	73.4642	69.4981	60.1133	54.3942	50.4267	46.2541	46.1243	45.5707	46.0929	47.8971	49.7604	50.1433	50.3335	49.6669	47.6905	45.1125	42.3826	39.222	35.62	31.2405	28.4775	24.5224	20.9217	18.1088	14.9931	12.2582	9.7515	7.4398	5.3879	3.946	2.7472	1.2644	0	0	0	0	0	0	0	0	0	0	0	0	0	0	0	0	0	0
430	104.3971	94.6439	86.6126	77.5916	68.6507	61.2973	56.694	51.1254	47.4031	45.4648	46.6026	47.4734	49.7161	49.1116	50.6234	50.6229	49.5107	48.4122	45.5165	43.5256	40.7785	37.0631	33.0236	29.2624	25.6927	21.9531	18.9552	15.7032	13.1321	10.5231	8.0493	6.2781	4.4605	3.1244	1.7683	0.3692	0	0	0	0	0	0	0	0	0	0	0	0	0	0	0	0	0
432	99.89	96.6997	84.4333	77.5748	70.2579	62.7372	56.328	52.1684	48.93	46.4525	47.3113	48.4819	49.6826	50.9246	51.0397	51.7241	50.4673	49.1168	47.1854	44.8626	41.144	38.0154	33.857	30.1219	27.158	22.9712	19.671	16.5848	13.9704	11.2916	8.9848	6.687	4.9956	3.4749	2.5625	1.2173	0	0	0	0	0	0	0	0	0	0	0	0	0	0	0	0	0
434	104.5546	102.5181	85.3763	79.838	71.1372	65.4363	58.743	52.4779	48.7688	47.0738	47.0705	47.6623	49.8574	52.2056	51.5927	51.7855	50.9197	50.5384	48.5408	45.3666	42.1329	38.6104	34.6261	31.3787	28.0763	24.4509	20.3936	17.4751	14.7557	12.0678	9.5813	7.3915	5.6999	4.0402	2.9069	1.7939	0.1392	0	0	0	0	0	0	0	0	0	0	0	0	0	0	0	0
436	107.5549	94.8385	88.7192	80.5758	72.8151	65.0137	59.138	51.5229	49.1565	47.5051	48.2549	49.1117	50.7412	51.1147	52.4099	52.4437	51.8372	50.9234	48.8499	46.3341	43.5858	39.5821	35.6963	32.1223	28.6308	25.8174	21.1499	18.336	15.5687	12.8683	10.1139	7.9304	6.2755	4.4746	3.182	2.0655	0.7256	0	0	0	0	0	0	0	0	0	0	0	0	0	0	0	0
438	107.2878	101.5707	88.7966	83.3371	74.2332	67.0825	60.0997	54.3523	49.5587	48.2636	48.4249	48.5132	50.3361	52.0902	52.1273	53.6699	52.8451	51.8224	50.5484	47.4576	43.9145	40.6161	36.7154	32.855	29.8316	26.6354	21.9425	19.1469	16.3056	13.5349	10.753	8.4503	6.8607	5.2019	3.6541	2.5681	1.3399	0	0	0	0	0	0	0	0	0	0	0	0	0	0	0	0
440	109.6251	96.6084	88.8126	81.4755	72.8513	68.1417	59.9208	55.5628	51.7558	48.7605	48.32	48.7775	50.6534	51.621	52.8561	52.9527	53.2694	52.5251	50.919	48.494	45.2807	41.4506	37.7902	34.1945	30.5241	27.6659	23.5421	19.8077	16.9449	14.0993	11.4009	9.354	7.5932	5.6856	4.0486	2.8998	1.8265	0.4281	0	0	0	0	0	0	0	0	0	0	0	0	0	0	0
442	108.8975	94.3226	87.8049	81.315	76.1056	67.6909	60.9972	56.2061	51.3451	48.8719	49.8701	48.9272	50.019	51.5818	52.9575	54.4	53.9532	53.0064	51.773	48.9739	45.9691	42.5442	38.7889	34.8499	31.4968	28.4443	24.5255	20.4607	17.5787	14.5446	12.0483	9.6701	7.855	6.1959	4.5331	3.4121	2.323	1.1685	0	0	0	0	0	0	0	0	0	0	0	0	0	0	0
444	105.9743	101.918	92.826	84.503	77.0652	69.6331	61.8268	55.9692	51.6782	48.9266	49.1532	49.4907	50.7269	52.3469	53.7645	54.4788	53.8012	53.1499	51.5259	49.6429	46.5016	42.9798	39.1131	35.4671	32.2923	28.9095	25.3656	21.1209	18.1046	14.9948	12.7035	10.2615	8.4552	6.7578	5.075	3.654	2.8638	1.4695	0.2568	0	0	0	0	0	0	0	0	0	0	0	0	0	0
446	101.5295	98.0193	90.0915	83.0713	77.5334	69.0783	62.0004	56.0284	53.1314	49.5252	48.6088	49.6878	50.9081	52.1271	53.3491	53.547	54.2038	53.4079	52.4709	50.1934	47.3846	43.2238	39.7645	35.68	32.9497	29.8879	25.9882	21.8024	18.5903	15.6802	13.2661	10.8671	9.2179	7.4174	5.9339	4.099	3.1207	2.124	0.8047	0	0	0	0	0	0	0	0	0	0	0	0	0	0
448	107.8404	101.7953	92.181	84.221	78.6889	70.4654	62.5978	56.5772	52.5454	50.7381	49.6162	50.3035	50.5585	52.2465	53.414	54.2487	54.6833	53.852	52.6519	50.8399	47.7525	44.2534	40.357	36.8594	33.7831	30.1483	26.9678	22.6784	19.0934	16.3848	13.6243	11.488	9.7653	7.9338	6.1003	4.6969	3.347	2.5923	1.2998	0	0	0	0	0	0	0	0	0	0	0	0	0	0
450	104.7454	94.2566	93.0623	84.3511	77.2857	68.7414	64.2825	57.4563	53.9485	50.3142	48.4483	50.1322	50.7146	51.8373	52.9951	53.9755	54.7279	53.4044	52.1737	50.8727	48.6786	44.8263	41.3409	37.4954	34.0349	30.8624	27.4411	23.509	19.6023	16.8779	13.9865	12.1176	10.2821	8.2	6.6605	5.1302	3.6427	2.8264	1.8105	0.5853	0	0	0	0	0	0	0	0	0	0	0	0	0
452	100.2692	102.1998	93.4015	82.8032	78.1496	70.2207	64.4925	57.8128	53.5311	50.2989	49.6992	49.4641	50.6399	51.7748	52.4946	53.6002	54.0855	53.719	52.6248	51.6277	47.759	45.1005	41.125	37.9502	34.3308	31.5805	28.1109	23.8594	20.1262	17.2735	14.6467	12.7265	10.8109	9.1558	7.2735	5.6312	4.2837	3.1908	2.2041	0.9632	0	0.0195	0.0228	0	0	0	0	0	0	0	0	0	0
454	113.3423	97.7056	92.8255	83.2817	77.5846	70.1562	63.9636	57.3466	53.1749	49.5344	49.778	49.1102	50.1534	52.0847	52.585	54.0015	53.9162	53.8664	53.2489	50.7384	48.5134	45.2254	41.8389	38.0771	34.5116	32.0437	28.5925	24.691	21.1589	17.6733	15.3159	13.2731	11.3471	9.3252	8.0393	6.3417	4.7522	3.6589	2.6669	1.607	0.5853	0.0589	0.0461	0	0	0	0	0	0	0	0	0	0
456	107.5952	100.9531	91.333	84.7489	78.2629	69.8864	64.7252	58.6873	54.2796	50.4145	48.487	48.3874	50.3545	51.3955	52.51	53.6379	53.6729	53.6979	53.1907	50.9796	49.1463	45.6902	41.7515	38.2763	35.5214	32.4993	29.3995	25.4088	21.7074	18.1053	15.9474	13.8483	11.9091	9.8289	8.1456	6.5154	5.2536	3.9453	3.0145	1.9848	0.727	0.0991	0.0698	0	0	0	0	0	0	0	0	0	0
458	108.1787	97.9657	89.7049	83.7154	80.6646	73.5194	64.0921	59.5562	53.7206	50.2334	48.8818	49.6234	50.3849	50.5282	51.3949	53.7883	53.1228	54.4705	52.9719	51.7212	48.7538	45.6868	41.4068	38.9417	36.1856	32.8166	29.0496	25.4896	22.1593	18.5707	16.4916	14.283	12.2391	10.1536	8.6815	6.865	5.4655	4.1758	3.0288	2.4582	1.2023	0.1403	0.047	0	0	0	0	0	0	0	0	0	0
460	105.2677	93.0977	92.0214	83.9505	78.8188	70.7755	65.083	60.3178	54.1677	51.296	49.7371	48.1171	49.9755	50.3202	52.2865	52.9135	53.2037	53.3766	51.9957	51.6883	49.2004	46.1128	41.7766	38.9195	36.318	32.9263	29.5658	26.2497	23.2445	19.0736	16.7843	14.5511	12.4615	10.4831	9.2186	7.3551	5.9522	4.8952	3.2714	2.5487	1.7567	0.6075	0.0238	0	0	0	0	0	0	0	0	0	0
462	108.6478	98.224	88.9031	84.4991	80.2932	70.2856	64.4965	59.9352	53.9909	51.4218	48.9646	49.7909	48.3888	50.3423	51.1019	52.3817	53.3686	53.1446	52.3058	50.8456	49.3644	45.7688	42.2936	39.2312	36.4495	33.363	30.0215	26.1412	23.3098	19.744	17.0983	14.8379	12.6504	10.8292	9.2062	7.8709	6.185	5.2341	3.6372	2.9342	2.1104	1.0334	0	0	0	0	0	0	0	0	0	0	0
464	106.2648	93.5616	86.7419	83.4755	78.4005	71.4018	64.3583	58.3516	54.7431	50.561	49.2945	48.2983	49.3713	49.4548	51.0931	51.9333	52.6804	53.4008	52.3642	50.9528	49.0109	45.8534	42.6591	39.3161	36.2464	33.9528	30.5665	27.1579	23.6635	20.1959	17.4149	15.0781	12.8403	11.1806	9.4965	8.1892	6.7851	5.3691	4.154	3.0711	2.4356	1.2875	0.2866	0	0	0	0	0	0	0	0	0	0
466	103.6837	95.0309	92.879	82.9214	78.8928	72.2492	65.3697	58.6672	54.9387	50.227	48.822	49.9595	49.1571	49.4146	50.538	52.193	52.9176	51.6859	52.2799	50.5617	48.6329	45.941	42.5199	39.1497	36.788	34.036	31.1145	27.1313	23.7606	20.9945	17.7396	15.2995	13.2198	11.4472	9.794	8.8797	7.1195	5.7165	4.4577	3.4195	2.611	1.7529	0.5301	0	0	0	0	0	0	0	0	0	0
468	101.0454	95.0556	87.1784	84.3506	79.6856	72.1931	65.9058	57.3057	53.9525	50.6241	49.5927	47.4905	48.6782	49.5497	50.6399	51.4619	52.1585	52.2119	51.8585	50.3302	48.2601	45.6085	42.9965	39.5299	37.1232	34.4422	31.683	27.1473	24.1512	21.1611	18.0118	15.5267	13.6088	11.5309	10.0989	8.8793	7.2742	6.0632	5.1059	3.7534	2.846	2.006	1.0033	0	0	0	0	0	0	0	0	0	0
470	98.3164	96.3725	88.9798	81.3131	78.6818	70.4295	65.5785	58.6937	54.4806	49.7001	48.6339	47.6732	48.3948	49.2756	49.0157	50.7159	50.9318	50.907	50.6329	49.829	48.3738	44.9612	42.174	39.0957	36.5918	33.9983	31.2887	27.8943	24.7004	21.6862	18.8362	15.7548	13.8121	11.6133	10.4084	9.0471	8.0438	6.5276	5.0427	3.9243	2.8267	2.176	1.4774	0.394	0	0	0	0	0	0	0	0	0
472	95.7293	91.886	89.8729	81.2137	77.4249	71.1337	64.3153	58.9709	53.8306	50.2627	48.8994	47.2318	47.6001	47.9876	49.3508	49.6976	50.7129	50.837	50.4346	49.6206	47.8796	44.9148	42.026	39.2115	36.7405	34.0639	31.0443	27.3708	24.353	21.941	18.8509	16.0218	13.9528	11.9686	10.7048	9.2383	7.9309	6.752	5.4873	4.1071	3.1664	2.6844	1.7555	0.8693	0	0.0073	0.0087	0	0	0	0	0	0
474	93.0326	88.3541	88.5	81.0686	77.8779	72.7622	64.3909	58.7018	54.1212	48.7282	47.6267	47.4559	46.2879	46.8034	47.9324	49.5884	49.5982	49.8749	49.5937	48.286	47.2514	44.7484	41.7335	38.7583	36.3617	33.4871	30.9912	28.0798	24.926	21.9712	19.264	16.3242	14.0918	12.3293	10.9181	9.4312	8.2948	7.0598	5.9155	4.4982	3.4654	2.7902	2.0205	1.2262	0.1359	0.0223	0.0176	0	0	0	0	0	0
476	90.1427	86.4319	85.3908	80.3217	75.8955	69.005	63.0931	56.9572	52.6844	49.7937	48.2461	45.7367	46.2288	46.4832	47.5902	48.6366	48.7842	49.296	49.1593	47.9651	46.6745	44.1583	41.3845	38.6276	36.3559	33.6256	31.0955	28.2311	24.95	22.3619	19.5371	16.5343	14.2162	12.5961	11.1229	9.617	8.0675	7.1851	6.0274	4.9317	3.6934	2.8869	2.1626	1.3859	0.7111	0.0377	0.0268	0	0	0	0	0	0
478	87.0717	84.355	81.1654	79.781	75.3408	69.0667	64.6992	58.0439	52.0842	49.9001	47.6864	46.5262	45.3078	46.004	46.9873	47.8329	48.2142	48.4573	48.7775	47.8526	45.8621	43.4006	40.4809	38.3861	35.8223	33.498	31.1527	27.9855	25.2112	22.2099	19.6565	17.0886	14.3262	12.7999	11.2998	9.7664	8.3099	7.6833	6.2883	5.0427	3.8644	3.1402	2.4845	1.6561	0.876	0.0534	0.0181	0	0	0	0	0	0
480	83.9082	82.207	80.7974	76.6081	75.464	68.4456	62.6033	56.6288	53.2657	49.4119	47.268	45.4168	44.8689	45.2057	46.0608	47.2259	47.2724	48.049	47.8337	46.8769	45.7582	43.4034	40.511	38.0531	35.3729	33.5975	30.9668	28.2623	24.918	22.5257	19.9903	17.0888	14.8457	12.9758	11.4581	9.9036	8.5558	7.8766	6.6434	5.2132	4.1237	3.2772	2.7399	2.0403	1.4668	0.4023	0.0092	0	0	0	0	0	0
482	80.4827	79.8197	78.9599	77.7332	71.6931	69.6909	61.9045	56.591	53.4636	48.2102	46.4535	45.087	45.3296	44.8294	45.0955	46.0593	46.5148	46.7433	47.1262	46.5765	45.4548	42.3271	39.6	37.5351	35.8819	33.8933	30.6812	27.8027	24.8021	22.3939	19.7813	17.4897	15.2177	13.1251	11.593	10.0144	8.7868	7.687	6.7066	5.5319	4.4517	3.4199	2.9164	2.3358	1.5544	0.7058	0	0	0	0	0	0	0
484	76.9838	77.3755	80.9103	78.2544	72.2031	68.9045	61.5086	55.991	53.2002	48.6083	46.4858	44.7252	44.6424	43.3608	45.546	45.1662	46.0642	46.3442	46.3314	45.7031	43.7174	42.1659	39.2518	37.1062	35.4649	33.7528	30.3227	27.324	24.7039	22.3761	20.016	17.517	15.5829	13.2749	11.7221	10.1256	9.0208	7.8037	7.0027	5.8515	4.7011	3.7086	2.8758	2.4322	1.8756	1.0805	0.3341	0	0	0	0	0	0
486	73.3973	74.8597	78.2477	74.542	72.7665	68.7501	61.6644	56.6357	51.4546	47.3821	45.37	43.9508	43.6547	42.7978	43.6717	45.0491	46.1137	45.2874	45.354	44.7345	43.7475	41.926	39.2764	36.9128	34.883	33.0504	30.9089	27.8434	25.1502	22.3066	19.982	17.92	16.0227	13.4225	11.8462	10.3702	9.2107	7.9197	6.8812	6.0766	4.9483	3.9119	2.9361	2.4073	2.1229	1.2375	0.6008	0	0	0	0	0	0
488	69.7263	72.2745	75.5122	72.6458	70.5483	65.8056	60.0604	56.8367	52.1247	47.6593	45.2957	42.9975	42.8914	43.359	43.1791	44.1521	43.4525	45.0939	43.7541	43.6621	41.9015	41.3754	38.4387	36.1389	35.1422	32.7269	30.1148	27.7164	24.5462	22.6077	19.7153	17.7858	16.1737	14.1107	11.9682	10.6155	9.3098	8.0349	7.2248	6.2679	5.1701	4.303	3.1359	2.773	2.1835	1.4922	1.0041	0	0	0	0	0	0
490	65.9866	69.6357	72.7203	73.3275	69.3831	66.5579	61.8778	55.4364	50.3153	46.7561	44.095	42.5034	41.7464	41.7312	42.0428	42.6535	43.7046	44.0134	43.4155	43.3885	41.7183	40.5712	38.4068	36.2799	34.2085	33.0691	30.0701	27.4983	24.7006	22.5307	20.2271	17.9655	16.2923	14.4042	12.0904	10.7721	9.4092	8.1509	6.8581	6.3931	5.2546	4.5249	3.362	2.7949	2.4714	1.8664	1.1289	0.5777	0	0	0	0	0
492	62.2385	66.7626	69.9398	72.4302	71.4179	64.0998	59.5682	55.8325	50.5925	46.0025	44.2628	43.4211	42.2013	40.9255	41.3048	42.262	43.1631	43.1439	42.8338	42.3978	41.6213	39.434	37.4563	35.5718	34.0916	32.3965	30.019	27.3728	24.8609	22.3134	19.7506	17.7896	16.5783	14.2997	12.2247	10.894	9.5459	8.2756	7.0681	6.5776	5.6283	4.68	3.6515	2.8658	2.5314	2.0331	1.4535	0.652	0	0	0	0	0
494	58.4141	63.5789	67.0966	72.3373	69.8961	64.137	59.5571	54.5099	50.1126	45.6132	43.8976	42.4424	40.8928	39.9895	41.2698	41.9692	42.0557	42.3537	42.1455	41.4251	40.9253	39.0676	37.4342	35.4432	33.0953	32.2301	29.8989	26.8577	24.6907	22.2661	20.0032	17.8165	16.403	14.6951	12.4886	11.0163	9.6835	8.3359	7.2809	6.9341	6.0593	4.7789	3.9368	2.9199	2.6099	2.0643	1.6875	0.9051	0.2514	0	0	0	0
496	54.4972	60.3096	68.8352	69.4162	68.0948	62.4099	58.7599	55.3704	48.729	45.2206	43.4076	41.1683	39.744	40.4513	39.7604	39.8554	40.0669	40.9806	41.1001	41.1107	39.604	38.4541	36.5271	34.7068	32.7601	31.775	29.4076	26.7844	24.2258	22.2907	20.2583	18.0368	16.2282	14.558	12.5558	11.1355	9.7862	8.3605	7.4943	6.7717	5.864	4.8598	4.1541	3.3304	2.5784	2.4164	1.7757	1.2454	0.4223	0	0	0	0
498	50.4922	64.242	65.0898	66.4142	65.8361	61.42	57.1948	53.0124	48.5089	45.8775	42.3108	40.6865	40.0217	39.3683	38.7918	40.0846	39.5477	40.8974	40.2651	39.8183	38.4157	37.5959	35.1147	33.8667	33.0009	31.1551	28.9596	26.7614	24.1632	22.0774	19.986	17.8284	16.1933	14.9013	13.154	11.2517	9.8201	8.3815	7.708	6.7672	6.0365	5.1096	4.3061	3.3341	2.6012	2.5219	2.1074	1.5535	0.7099	0	0	0	0
500	56.9113	60.0301	61.2762	63.354	62.8051	60.4707	56.2388	52.6389	47.0425	45.0656	42.0898	40.7114	38.9357	37.8293	38.4015	38.3236	38.9858	39.7595	39.3555	38.6354	38.2607	36.9338	35.3788	33.0584	31.9203	30.293	28.6376	27.0067	23.9526	21.9053	19.8143	17.9041	16.0064	14.8752	12.8924	11.4803	9.8531	8.6036	7.8508	6.7615	6.2449	5.344	4.4862	3.8277	2.9556	2.3656	2.1371	1.5584	1.0413	0.5206	0	0	0
502	50.0774	55.7286	57.5955	60.2177	62.3121	59.8228	56.1653	52.5662	47.1003	42.9391	41.1763	38.8086	38.2653	37.5531	37.4612	37.2876	37.5974	37.43	38.6361	38.0742	36.8927	35.8673	34.2673	32.9194	31.7175	30.1403	28.5311	26.2199	23.3372	21.2122	19.2989	17.6604	16.3513	15.0115	12.9431	11.2123	9.8822	8.8256	7.8444	6.7527	6.1647	5.508	4.4949	3.8865	2.7556	2.4504	2.2751	1.7679	1.2445	0.74	0	0.0203	0.0997
504	50.7944	51.3578	54.0722	57.026	58.9977	57.5911	55.7841	49.4825	46.1956	43.8464	40.2626	38.2905	37.2758	36.4638	36.9433	36.4238	37.105	37.8768	37.5557	36.4451	36.3211	34.9014	33.5705	32.1067	30.4153	29.5999	27.5809	25.7628	23.3158	21.37	19.449	17.4787	15.8641	14.5946	13.2845	11.6109	9.9104	8.9008	7.8368	6.7428	5.6522	5.7071	4.8624	4.0611	3.1539	2.3889	2.3301	1.9025	1.3404	0.8796	0.2155	0.0612	0.2011
506	52.3675	46.9739	50.5499	54.332	56.7487	55.3986	51.567	49.464	46.0778	42.5484	39.0967	38.4276	37.6319	35.1103	35.2329	35.9524	35.5971	36.2845	35.9796	36.7052	35.314	33.7878	32.7548	30.9003	29.6882	29.0174	27.06	25.432	22.7534	20.5693	18.8136	17.4893	16.1732	14.6647	12.9445	11.7459	9.9495	8.9113	7.8436	6.7398	5.7601	5.6781	4.8475	4.1382	3.4228	2.4692	2.3278	2.1206	1.7377	1.0598	0.5709	0.103	0.3044
508	40.7472	42.5599	48.575	52.1016	54.5143	56.0282	53.4392	47.6125	44.6232	40.7061	38.0642	37.0553	36.5177	35.1918	35.0123	35.2904	35.1992	35.4012	35.2173	34.7091	34.6812	32.824	31.7284	30.7167	29.392	28.7502	26.9602	24.7416	22.7438	20.6963	19.225	17.406	15.9291	14.8398	13.4098	11.7223	10.3415	8.9308	7.8583	6.7495	5.8759	5.5475	4.882	4.3937	3.667	2.7482	2.1809	2.0974	1.8445	1.407	0.7464	0.1458	0.4102
510	40.0765	41.379	46.0161	49.8158	52.2239	53.0067	51.8515	47.3356	43.4344	40.6619	37.8351	37.0473	34.6587	33.8739	33.5917	34.2066	34.2938	34.7682	34.3593	33.7213	33.4164	32.426	31.1133	29.5287	29.0294	27.6431	26.6226	24.4437	22.139	20.61	18.9186	17.0509	15.6568	14.0995	13.2169	11.7021	10.3841	8.9488	7.8747	6.7612	5.9928	5.3819	5.149	4.4374	3.6795	2.9926	2.1111	2.2187	1.9587	1.3956	1.0611	0.4129	0.5181
512	39.3785	41.2779	43.3925	47.3384	49.8713	51.6798	50.682	45.7139	41.8625	39.5175	37.4943	35.5024	33.8624	32.4976	32.5979	33.1523	33.1586	33.5963	33.0787	33.1308	32.4954	31.3188	30.7569	29.0589	28.2068	27.5746	25.7774	23.8559	21.9514	19.8268	18.045	17.036	15.4308	14.2862	12.9156	11.8715	10.1172	8.9641	7.8953	6.7709	6.11	5.4126	5.0897	4.5855	4.0385	3.2393	2.2031	1.7811	1.9843	1.7281	1.0765	0.6294	0.628
514	38.6585	46.9197	40.7106	44.6731	47.4638	49.0421	48.4357	46.4021	42.0561	38.5175	36.9614	33.7796	33.5734	33.7187	31.4562	31.5427	32.2536	32.5137	32.5577	32.4049	31.6539	30.7972	29.5353	27.8879	27.2801	26.3301	25.0329	23.3479	21.218	19.4903	18.0782	16.5911	15.2566	14.0538	12.7142	11.5136	10.2483	9.2291	7.9147	6.8964	6.1807	5.4427	5.1642	4.6192	3.9491	3.2103	2.5144	1.6958	1.8445	1.7	1.2845	0.8998	0.8977
516	37.9459	45.453	38	41.9817	45.9593	47.1042	47.1041	44.2923	40.1706	36.7129	35.4149	34.373	31.8539	30.7941	31.1385	31.8112	31.2503	31.0225	30.7246	31.1167	30.7613	30.3374	28.8207	27.7401	26.5318	26.1297	24.5618	22.9968	21.0419	19.3462	17.8796	15.9162	15.1219	13.6833	12.9078	11.3372	10.4263	9.1357	7.939	7.0285	6.1599	5.4766	5.0686	4.7247	4.1622	3.5496	2.681	1.5207	1.7092	1.8135	1.4818	1.0524	1.0501
518	37.238	35.9315	35.2536	41.8274	43.4558	45.1507	45.6904	42.8987	39.3242	37.3661	34.7236	33.23	31.8854	31.0149	29.9873	30.8228	30.0987	30.4977	30.1739	30.4216	30.3946	29.0817	27.8927	26.6535	25.7407	25.6487	24.663	22.6869	20.4794	19.0342	17.6531	16.0386	15.0855	13.5448	12.4282	11.4142	10.2866	9.3392	7.968	7.0689	6.142	5.5141	4.9267	4.7671	4.1373	3.5241	2.9174	1.7316	1.3796	1.8466	1.5804	1.1219	1.1193
520	36.5047	24.5331	36.6695	38.9955	40.8878	43.1433	44.6589	42.0409	39.0829	35.9255	34.6332	32.4527	31.6552	30.3435	29.7911	29.942	29.7625	29.8608	29.8506	29.12	28.9352	28.678	27.2429	26.4257	25.6892	25.0385	23.8802	21.7678	20.2135	18.6457	17.2601	15.7574	14.4085	13.2425	12.2682	11.3256	10.5847	9.1893	7.9956	7.0586	6.1859	5.551	4.9189	4.6952	4.1319	3.6874	3.08	1.6321	1.0198	1.8452	1.5065	1.2037	1.201
522	35.7437	24.6149	32.8964	36.0923	38.4222	41.0794	44.0881	40.8266	38.1356	34.7789	32.9914	31.9425	30.2997	28.5944	29.0172	28.9294	28.6824	28.5572	29.0643	28.3921	28.4044	27.5304	26.4732	25.4598	24.7498	24.5476	22.9024	22.2574	20.2075	18.3595	16.7859	15.301	14.2584	13.0802	12.3105	11.113	10.2522	9.0723	8.0964	7.0459	6.2289	5.5105	4.9093	4.7501	4.2309	3.8331	3.4131	2.2157	0.8872	1.6258	1.6185	1.2933	1.2904
524	34.9576	24.6926	33.587	33.1209	36.0672	38.9623	40.3222	38.9962	37.4916	34.8004	30.9668	31.2853	29.7504	28.2112	28.5517	27.8897	28.3671	27.7019	27.8693	27.4588	27.1449	26.6074	25.7147	25.2095	24.3892	23.7552	22.7225	21.2095	19.3721	17.9315	16.3495	15.1073	14.0122	13.1803	11.786	11.1526	9.9995	9.1377	7.9446	7.0311	6.2326	5.4291	4.8984	4.4618	4.1304	3.8119	3.4984	2.658	0.8926	1.2635	1.7352	1.3824	1.3793
526	34.1695	24.7828	35.5477	30.102	33.6781	36.468	38.4207	40.0615	35.9576	33.5481	31.9101	29.9892	28.9243	27.8124	26.8262	27.5426	27.2364	26.735	27.5578	26.9385	26.5092	25.8519	25.097	24.1661	23.6649	23.3524	21.8544	20.7819	19.3073	17.6088	16.1199	14.8561	13.5755	12.4375	11.6437	11.0122	10.1157	9.1177	8.0842	7.0192	6.1606	5.3482	4.8894	4.4184	4.2199	3.8506	3.4365	2.7361	1.3218	0.798	1.7219	1.4764	1.473
528	33.377	24.8853	36.0977	27.0291	32.6125	34.6297	36.4919	37.9867	34.7472	32.839	30.7183	29.985	27.943	27.8078	26.2424	26.993	26.7289	26.6139	25.7711	26.385	25.7164	25.4506	24.0671	23.5838	23.3596	22.9494	21.4818	20.3657	18.1039	16.9531	15.7403	14.3769	13.75	12.7878	11.544	10.5502	9.6727	8.9128	8.0153	6.8916	6.0894	5.3468	4.8565	4.3759	4.3043	3.902	3.3982	2.9472	1.5474	0.415	1.4668	1.491	1.4876
530	32.5562	24.9831	23.0648	27.649	30.5096	32.739	34.5083	36.0064	33.121	31.8539	29.3086	28.7565	27.1758	25.6977	26.0127	25.4144	25.4852	25.4479	25.5629	25.3012	25.1843	24.2559	23.795	22.5527	22.2966	21.9508	21.1536	20.0463	18.0109	16.9236	15.9269	14.3948	13.2098	12.118	11.1617	10.5625	9.7814	8.7283	7.9976	7.2026	6.0148	5.3439	4.7697	4.331	4.1486	3.8934	3.4902	3.096	2.12	0.4667	0.874	1.6207	1.617
532	31.7119	25.08	11.79	31.2681	28.3549	30.6717	32.4749	35.0804	33.3351	30.4374	29.088	27.6805	26.9405	26.0141	25.1706	25.3756	24.8484	24.6774	24.4912	24.423	23.9832	24.3291	23.1218	21.8616	21.7404	21.0212	20.5107	19.3372	17.9991	16.6151	14.929	13.948	13.3527	12.2667	11.3149	10.4667	9.7247	8.4974	7.8359	6.8514	5.9376	5.288	4.6802	4.2845	3.8757	3.8049	3.4851	2.9258	2.4085	0.5505	0.531	1.5314	1.5279
534	30.8389	25.1721	15.1515	30.7409	26.1435	28.4186	30.3864	32.7424	32.7934	31.0489	29.6882	27.9819	25.5283	25.3148	24.2996	24.4204	24.0305	23.7709	24.2817	23.9728	23.6127	23.3123	22.0374	21.8395	21.4136	20.7068	20.2439	18.6849	17.3473	15.9597	14.7683	13.5759	12.818	11.753	10.883	9.9823	9.5398	8.5052	7.9043	6.9839	5.8569	5.203	4.637	4.2357	3.8618	3.8233	3.4736	3.1102	2.6553	1.1287	0	1.3889	1.3857
536	29.9528	25.2725	18.6036	29.6343	23.8879	26.121	28.8672	30.9519	31.4255	28.9062	28.2751	26.7333	25.3513	24.131	23.5356	23.6159	23.5834	23.751	23.2713	23.2445	22.7177	22.3445	21.8631	21.2234	20.5582	20.1695	19.3304	18.1163	17.2751	15.9751	14.4629	13.5859	12.4084	11.7428	10.7907	9.8593	9.3145	8.3108	7.6416	6.8847	6.0347	5.1172	4.594	4.183	3.8486	3.8329	3.6199	3.143	2.6137	1.7556	0	0.709	0.7074
538	29.0516	20.8547	22.1519	30.9709	21.5844	25.4568	27.0927	29.1254	32.0281	28.239	27.1301	25.7262	24.3596	23.657	23.0168	22.7007	22.6803	22.7277	23.0005	22.5926	21.9468	21.8175	21.4826	20.2264	20.3122	19.9602	18.7943	17.7631	16.0896	15.4213	14.3865	12.8364	12.3029	11.5224	10.7404	9.8202	9.1191	8.256	7.4656	6.9086	5.9909	5.0304	4.549	4.128	3.8358	3.5775	3.5769	3.1316	2.7541	2.1096	0	0.054	0.0539
540	28.1193	24.7745	25.7891	26.5746	21.8927	23.4857	25.2673	27.2461	30.136	28.5898	25.8463	24.7114	24.0853	23.1116	22.3164	21.924	22.5925	21.9753	21.5007	21.4706	21.7087	21.0595	20.3213	19.9737	19.5975	19.1506	18.3526	16.9707	16.034	14.722	13.8947	12.7826	11.8817	11.2326	10.2867	9.6271	8.9342	7.8259	7.6972	6.9745	5.8483	4.9398	4.4977	4.0704	3.8216	3.4954	3.5436	3.1885	2.8356	2.2971	0.7354	0	0
542	27.2196	24.1162	20.8836	18.0952	24.7763	21.5113	23.3773	25.3735	28.3302	27.1828	26.534	24.3648	22.9594	22.3345	21.9105	21.7566	21.2138	21.6295	21.3487	21.1615	20.5962	20.7467	20.0639	19.4204	19.2311	18.7528	18.5067	16.8072	15.5264	14.7668	13.7163	12.4644	11.7734	11.1319	10.0948	9.557	8.7231	8.3067	7.3839	6.6315	5.8446	4.9521	4.4541	4.0677	3.7956	3.4182	3.4788	3.1913	2.675	2.4201	1.5478	0	0
544	34.0571	22.7509	12.5562	3.9423	21.8604	19.4725	21.3551	23.4377	27.5129	27.1605	24.6926	23.3874	22.5191	21.8493	21.2761	20.8554	20.8278	20.4907	20.5173	20.4372	20.4366	20	19.5067	18.3133	18.6479	18.7251	17.8044	16.3667	15.3364	14.1623	13.4129	12.2812	11.6506	10.8845	10.0192	9.1761	8.502	7.8559	7.1236	6.5162	5.791	5.0717	4.4074	4.0632	3.7288	3.3373	3.1884	3.0906	2.8223	2.4546	1.7373	0	0
546	40.0765	26.5827	14.4415	8.308	24.8966	17.3601	19.2579	23.1969	25.7773	25.7032	24.264	23.1142	22.5703	21.6036	20.5413	20.337	20.6965	19.8954	20.0671	19.8558	20.037	19.418	18.6559	18.6159	18.3157	17.5507	16.7483	15.9435	14.8084	14.0119	13.1685	11.7479	11.2783	10.4584	9.8369	9.4564	8.3017	7.9363	6.89	6.5599	5.6818	5.1746	4.3552	4.016	3.6565	3.2509	2.8629	2.9645	2.7811	2.536	2.1213	0.1926	0.1922
548	35.9084	27.1675	14.8472	12.793	24.0211	15.1783	19.6127	21.4492	23.9737	24.6928	24.1671	23.3781	21.2405	20.5729	19.9907	20.1324	19.6572	19.9658	19.6149	19.3612	19.112	18.624	18.1277	17.5203	17.8229	17.5205	16.8047	15.6923	14.4043	13.5071	12.3477	11.5185	10.911	10.2843	9.5526	8.8458	8.2547	7.6998	6.9243	6.4429	5.5712	5.1086	4.2977	3.9443	3.571	3.1593	2.8386	3.1818	2.8126	2.4543	2.0732	1.0687	1.0662
550	37.6735	27.7585	17.5606	17.4003	22.2443	16.2213	17.7393	19.6512	22.1177	23.7676	22.7934	22.0856	20.1104	20.1669	19.297	19.4329	18.8731	19.1126	18.5239	18.9229	18.6432	18.3762	17.7883	16.8838	17.256	16.43	16.1631	15.5	13.9223	13.3537	12.3928	11.6512	10.4215	9.9993	9.2257	8.4957	7.832	7.5327	7.0658	6.3281	5.6799	5.1734	4.4373	3.8694	3.4822	3.1065	2.8128	2.9565	2.8451	2.5216	2.1157	1.4974	1.494
552	35.1297	28.4361	22.7428	22.1934	21.6729	19.2321	15.8592	17.8227	20.2665	23.0361	21.5708	20.4485	20.2033	19.0192	18.6458	18.2625	17.7241	18.4838	18.3624	18.0666	17.3437	17.1394	16.6558	16.7503	16.3973	16.7942	15.5868	15.0044	13.7805	12.9832	11.8507	11.1774	10.331	9.9446	9.2165	8.3987	7.9223	7.2808	6.4384	6.0168	5.7032	5.2851	4.4775	3.8021	3.4208	3.0813	2.7933	2.4812	2.6473	2.4738	2.1083	1.756	1.752
554	36.6168	29.1214	22.3013	16.4901	11.5125	18.7999	13.9159	15.9006	18.3509	22.4162	21.4037	20.0481	20.272	18.99	17.8401	18.1786	17.9338	17.3586	17.9288	18.2025	17.0179	17.1435	16.7052	16.1448	15.9957	15.9287	15.3085	14.2596	13.4313	12.3622	11.9764	10.811	10.2901	9.1933	9.0786	8.3437	7.7694	7.0664	6.5637	6.0504	5.5203	5.016	4.4703	3.7309	3.3991	3.0539	2.7718	2.4111	2.5109	2.3887	2.2364	1.9496	1.9451
556	35.8647	28.3062	17.2686	7.9363	0	20.3072	11.9138	13.9201	18.8675	20.8324	19.8709	20.2893	19.2508	18.5645	18.1281	17.3411	17.5906	17.3664	17.1262	17.1532	16.6301	16.366	16.2162	15.2786	15.7984	15.5721	14.7356	14.0967	13.0013	11.9067	11.361	10.3105	9.7807	9.1617	8.6251	8.2217	7.226	6.9069	6.6901	6.0158	5.4945	4.9278	4.3492	3.8203	3.3764	3.0368	2.7238	2.3386	2.6043	2.4736	2.1413	1.757	1.753
558	39.2926	30.6297	18.6345	8.4977	3.9576	19.4811	9.8509	15.5661	17.0657	19.1989	19.6189	19.1068	18.2969	17.8758	17.3273	16.2929	16.7348	16.8169	16.77	16.158	15.9998	16.4891	15.4177	15.1427	15.1164	14.7594	14.9814	13.6038	12.9584	11.3491	11.0541	10.1312	9.6554	8.8887	8.5378	7.9883	7.3166	6.695	6.2421	5.7665	5.4131	4.8956	4.3799	3.9577	3.3527	3.019	2.6217	2.2637	2.2619	2.4476	2.1171	1.8109	1.8067
560	30.2188	32.8289	18.7759	8.4959	8.0441	17.1234	12.7311	13.7079	15.2021	17.5075	18.9163	17.9976	17.4626	16.9593	16.2254	16.1707	15.8625	16.4289	16.5382	16.4217	15.7306	15.6619	15.3662	14.3963	14.6981	14.6766	13.8979	13.279	12.2501	11.2632	10.5617	10.2602	9.2158	8.7871	8.0922	7.7684	7.1821	6.8257	6.1561	5.7829	5.2822	4.765	4.4247	3.8211	3.3266	2.9469	2.5153	2.1854	1.8366	2.5524	2.1332	1.9367	1.9323
562	39.7677	31.3001	18.9121	10.7695	12.2599	20.4056	15.2454	11.7885	13.3721	15.7576	18.6207	17.4111	17.5746	16.8265	16.3754	15.806	15.5547	15.4854	15.5695	15.3143	14.9822	14.661	14.4431	14.4139	14.146	13.9348	13.6162	13.1246	12.0226	11.1459	10.3358	9.4662	9.3333	8.5786	7.8051	7.7288	6.9071	6.7178	6.0137	5.619	5.0639	4.6665	4.3698	3.8241	3.2982	2.8448	2.4391	2.1037	1.8617	2.3094	2.1401	1.9857	1.9812
564	31.5372	28.9432	19.044	15.4281	16.606	17.4949	13.6206	9.8086	11.5805	13.9503	17.4483	17.4059	16.6742	15.1166	15.3465	15.1463	14.5575	15.1967	15.1806	14.9974	14.8012	14.6672	13.8172	13.8413	13.6344	13.6912	12.9465	12.355	11.5405	10.5475	9.9693	9.227	8.6939	8.1529	7.654	7.0357	6.6298	6.1721	5.6026	5.5567	4.8765	4.6104	4.149	3.8137	3.5001	2.7383	2.3595	2.0774	1.8868	1.9783	2.26	1.9314	1.927
566	35.6498	30.8727	19.1833	15.0259	11.4545	8.3273	15.6032	7.7734	9.7391	14.0717	16.1447	16.7231	15.5297	15.3243	15.4431	14.4884	14.2282	14.4268	14.4691	14.5857	14.1101	14.0306	13.863	13.3051	13.1977	13.2242	12.6933	11.7458	11.0897	10.6495	9.679	9.2385	8.6908	8.0867	7.3918	6.948	6.7583	5.9198	5.578	5.2617	4.9081	4.5942	4.0819	3.6842	3.3172	2.6291	2.3077	2.0806	1.913	1.7831	2.0871	1.9147	1.9104
568	32.566	31.7471	23.8408	14.6093	6.7426	0	16.2833	5.6788	11.1004	12.4724	14.8042	16.2313	15.3738	14.916	13.9727	14.2249	14.5452	14.2695	13.8067	13.4992	13.5376	13.6124	12.9352	12.8033	12.4055	12.4978	11.9254	11.655	10.7563	10.1086	9.1347	8.7624	8.7199	7.9943	7.251	6.7979	6.4394	6.1122	5.3169	5.0413	4.5902	4.2156	3.9353	3.5197	3.3376	2.517	2.315	2.0843	1.9403	1.7095	1.9518	1.7882	1.7842
570	29.3172	30.3242	27.3735	17.3092	8.7332	3.9947	16.5093	8.2764	9.4713	10.8192	13.4163	15.46	15.0015	14.2433	13.5428	14.2579	13.0752	13.2234	13.0726	13.1522	12.9583	12.4656	12.6913	12.8649	12.0735	11.9041	11.7594	11.1012	10.62	9.8935	8.947	8.5953	8.0052	7.4336	6.7156	6.691	6.2933	5.7034	5.385	5.0983	4.6442	4.2106	3.9064	3.7233	3.3673	2.7785	2.3214	2.1137	1.9406	1.6328	2.0315	1.9564	1.9519
572	27.6461	27.4047	26.232	19.2612	10.4056	8.1356	15.613	12.5069	7.8063	9.2843	12.0065	14.983	13.96	13.2856	13.6165	13.305	13.3979	12.851	13.2562	12.8136	12.5236	12.5153	12.1379	11.6569	11.8694	11.7767	11.766	10.8598	9.8705	9.2755	9.0865	8.1152	7.486	7.2881	7.0354	6.5224	5.8679	5.6573	5.1572	4.9491	4.6445	4.0578	3.9601	3.6581	3.3137	2.9221	2.3319	2.1476	1.8897	1.5564	1.5687	1.8299	1.8258
574	28.4283	29.6617	28.5981	21.2711	13.6055	12.4237	17.7734	11.8846	6.081	7.8478	10.5424	14.1599	13.6309	12.9086	13.2152	12.9741	12.3548	12.4373	12.3334	12.4714	12.1065	12.668	11.8465	11.6614	11.3644	11.2896	10.8984	10.3785	9.899	8.9966	8.4195	7.9529	7.2814	7.1425	6.4913	6.2427	5.9836	5.5582	5.1413	4.726	4.3902	4.2047	3.8133	3.5843	3.0722	2.9318	2.3414	2.1257	1.8359	1.4764	1.1111	1.7257	1.7218
576	36.8988	29.7597	31.0042	23.3388	18.4144	16.8598	15.7845	14.0415	4.2957	6.3595	12.2589	13.0547	13.3076	12.6972	12.4202	12.121	12.0932	12.2166	12.6361	12.037	12.2687	11.3797	11.2151	11.2154	11.4614	11.0176	10.7978	9.7519	9.3232	8.7773	8.5174	7.6353	7.43	6.8871	6.6488	6.2312	5.7395	5.33	4.851	4.5896	4.2763	3.7521	3.73	3.5396	2.9747	2.8542	2.3499	2.0735	1.7587	1.3929	1.0989	1.5426	1.5391
578	39.5181	28.2602	33.2443	25.4645	18.8732	13.1264	8.3451	12.2264	2.4506	10.4709	10.5364	11.9064	12.4521	12.5125	12.261	11.4069	11.9953	12.0476	11.4647	11.5503	11.3151	11.1114	10.9536	10.97	10.7635	10.7153	10.3046	9.9722	9.0225	8.8625	7.8358	7.5174	7.0234	6.4754	6.5195	5.8614	5.4367	5.1212	4.9745	4.478	4.1869	3.8161	3.6265	3.4346	2.9835	2.8343	2.4806	2.0185	1.6779	1.3627	1.0856	1.4675	1.4641
580	27.1157	34.0653	30.1178	25.4987	15.6829	7.2264	0	16.0655	8.9461	8.771	8.7538	10.715	11.8637	11.5284	11.7889	11.3434	10.8404	11.0736	11.6369	11.2861	11.4385	11.2407	10.7657	10.6395	10.2284	10.2053	10.0766	9.4466	8.7584	8.4601	7.9621	7.2931	7.2867	6.7292	6.2118	5.6975	5.4754	5.1467	4.9611	4.3048	4.1089	3.6555	3.3608	3.3531	3.0967	2.7143	2.5108	1.9606	1.6224	1.3597	1.0713	1.3061	1.3032
582	32.7269	32.2023	27.5667	24.5818	15.3606	7.4096	3.4726	14.3272	8.3965	7.0158	7.2339	9.4836	11.6984	11.949	11.1168	11.1808	10.9637	11.321	10.8062	10.9607	10.4038	10.3074	10.86	10.1884	9.8814	9.9677	9.7458	9.4939	8.436	8.2743	7.4259	6.8847	6.5951	6.3292	5.6645	5.4395	5.089	5.0199	4.4939	4.2321	3.9806	3.4588	3.4407	3.2106	2.9531	2.7558	2.3612	1.9005	1.6233	1.3563	1.0564	0.7574	0.7557
584	29.6918	29.8779	31.5758	26.0081	16.3373	8.2007	7.062	15.9955	8.8055	5.2023	5.988	8.2085	10.9549	11.2184	11.006	10.5881	10.3908	10.6548	10.4486	10.146	10.5455	10.1026	9.7743	9.7228	9.5297	9.8176	9.2471	8.7051	8.2977	7.9545	7.3455	6.5751	6.5897	6.1086	5.7533	5.369	4.6694	4.9185	4.3747	4.307	3.7867	3.5719	3.2593	3.022	2.8073	2.6086	2.4757	1.9949	1.6234	1.3451	1.0404	0.6734	0.2009
586	35.7653	31.3932	29.388	21.8995	17.3345	10.574	10.767	16.7736	10.9651	3.33	4.6998	8.8036	10.0759	10.0792	10.7275	10.2642	10.2857	10.4313	9.9645	10.0043	9.7528	9.9563	9.3736	9.1981	9.1101	9.1811	9.0483	8.4591	7.8211	7.1973	7.2053	6.4975	6.3887	5.94	5.4689	5.1661	4.8811	4.5273	4.4611	3.8979	3.8829	3.3855	3.298	3.0151	2.793	2.6242	2.4592	2.2179	1.6224	1.3326	1.0093	0.5862	0
588	28.8112	27.5567	27.7467	23.1776	18.352	14.6058	14.5866	14.9905	10.6412	1.4001	6.5665	7.5582	9.164	10.3331	9.4354	10.4422	9.7859	9.6463	9.655	9.7488	9.5316	9.7105	9.2477	9.0283	9.1332	9.1134	8.8862	8.4495	7.8674	7.1195	6.9247	6.3442	6.088	5.7508	5.3047	5.0603	4.7307	4.6149	4.168	3.9085	3.5247	3.2585	3.2144	2.8728	2.7266	2.3831	2.4306	1.8571	1.6204	1.3118	0.9695	0.4961	0
590	29.2158	22.7806	26.9987	24.3778	19.3924	16.0481	13.4018	11.3561	9.6376	4.4647	5.3292	6.2729	8.2211	9.017	9.6475	9.5468	9.0964	9.6661	9.0112	9.3279	9.5148	9.2255	8.8771	8.4454	8.735	8.5774	8.202	8.0924	7.6736	7.0908	6.667	6.3361	6.1138	5.4824	5.1796	5.2135	4.5502	4.396	4.233	3.7716	3.6309	3.4244	2.9706	2.8963	2.6925	2.4969	2.2527	1.9817	1.6176	1.2755	0.9058	0.4029	0
592	39.4688	23.8517	31.6631	24.9695	19.3401	11.8852	5.6029	0	9.6963	5.269	4.0685	5.1421	7.2734	9.3238	9.4886	8.9029	9.2282	9.4281	9.0805	8.9887	8.7669	8.6584	8.6528	8.3012	8.205	8.5075	8.161	7.724	6.7508	6.7383	6.1528	6.1358	5.8226	5.463	5.2464	4.5306	4.3812	4.2454	3.9318	3.5495	3.3372	3.2736	3.0029	3.0246	2.4936	2.3466	2.2837	2.0032	1.7229	1.242	0.8201	0.4788	0
594	31.311	26.4441	27.4149	23.5739	21.0149	13.6899	6.5514	3.4014	13.8253	6.3242	2.76	4.1471	6.2868	8.7196	8.5879	8.8868	8.4847	9.0672	8.9622	9.3279	8.6641	8.6848	8.3359	7.9414	8.1076	8.3365	8.0503	7.6547	6.9441	6.6895	6.3445	5.9121	5.5366	5.0331	4.8522	4.7481	4.3367	4.1003	3.8965	3.6369	3.4253	2.9267	2.7894	2.8272	2.5101	2.3137	2.2083	1.9699	1.7519	1.2064	0.8285	0	0
596	26.5649	33.4837	27.9316	24.9111	23.9811	14.1529	9.4781	6.9319	12.0503	6.6633	1.4044	3.1156	5.8804	7.8892	8.2783	8.3003	8.4663	8.8268	8.3428	8.6394	8.1494	8.5604	8.5127	7.9325	7.7957	7.9691	7.3061	7.0063	6.9998	6.3021	6.1759	5.4771	5.5294	5.1117	4.7656	4.4638	4.2838	3.8984	3.8311	3.6106	3.2659	2.9844	2.8598	2.7366	2.4696	2.3679	2.2365	1.862	1.6118	1.1694	0.9919	0	0
598	38.4549	33.787	26.0611	26.3964	23.4598	16.6315	13.2869	10.597	13.897	7.026	0	2.9147	4.9885	7.0272	7.7897	8.566	8.4627	8.8597	8.2611	8.452	7.9913	8.506	8.3004	7.6909	7.6973	7.7377	7.3251	7.1231	6.1593	6.2732	5.7071	5.3056	5.0607	4.8181	4.2992	4.2586	4.2115	3.879	3.6445	3.5067	3.1024	2.9301	2.9229	2.4941	2.5838	2.1193	2.085	1.9164	1.5273	1.3868	0	0	0
600	38.3988	28.8069	29.5327	25.3127	25.433	20.8639	17.2335	14.3957	12.1542	7.2526	0	1.9776	4.0613	6.1297	8.2137	7.4694	7.5956	8.014	7.9013	8.0895	7.7728	7.6439	7.5953	7.8075	7.345	7.2831	7.388	6.8169	6.7387	5.9819	5.8922	5.2671	5.0457	4.7828	4.7105	4.3578	4.2172	3.8257	3.4869	3.1892	3.1273	2.6823	2.5506	2.5769	2.3767	2.1689	2.2004	2.0241	1.5777	1.5426	0	0	0
