Description	E1-2.5																																																				
EEM type	"Dilution- & Scatter-corrected, Calibrated Data (ppb QSE)"																																																				
Scan date	10/1/2013 12:53																																																				
Excitation	240-500nm by 5nm																																																				
Emission	290-600nm by 2nm																																																				
Calibration	Michael_Fluoromax4_April08 (07-Apr-2008)																																																				
Slit settings	"5nm Excitation, 5nm Emission"																																																				
Dilution	10																																																				
Row 1	Excitation(nm)																																																				
Col 1	Emission(nm)																																																				
Data	Fluorescence(ppb QSE)																																																				
																																																					
	240	245	250	255	260	265	270	275	280	285	290	295	300	305	310	315	320	325	330	335	340	345	350	355	360	365	370	375	380	385	390	395	400	405	410	415	420	425	430	435	440	445	450	455	460	465	470	475	480	485	490	495	500
290	0.2987	2.4233	0	0	0	0	0	0	0	0	0	0	0	0	0	0	0	0	0	0	0	0	0	0	0	0	0	0	0	0	0	0	0	0	0	0	0	0	0	0	0	0	0	0	0	0	0	0	0	0	0	0	0
292	0	0	0	0	0	0	0	0.3848	0	0	0	0	0	0	0	0	0	0	0	0	0	0	0	0	0	0	0	0	0	0	0	0	0	0	0	0	0	0	0	0	0	0	0	0	0	0	0	0	0	0	0	0	0
294	3.7826	0	0	0	0	0	0	0.7612	0	0	0	0	0	0	0	0	0	0	0	0	0	0	0	0	0	0	0	0	0	0	0	0	0	0	0	0	0	0	0	0	0	0	0	0	0	0	0	0	0	0	0	0	0
296	1.8607	0	2.1779	0	0	0	1.1571	1.1277	0	0	0	0	0	0	0	0	0	0	0	0	0	0	0	0	0	0	0	0	0	0	0	0	0	0	0	0	0	0	0	0	0	0	0	0	0	0	0	0	0	0	0	0	0
298	8.4305	3.6364	2.3063	1.3428	0	0	2.2823	1.4828	0.3308	0	0	0	0	0	0	0	0	0	0	0	0	0	0	0	0	0	0	0	0	0	0	0	0	0	0	0	0	0	0	0	0	0	0	0	0	0	0	0	0	0	0	0	0
300	4.5258	3.7956	2.5393	1.9656	0	1.1911	3.0005	1.8274	0.6523	0	0	0	0	0	0	0	0	0	0	0	0	0	0	0	0	0	0	0	0	0	0	0	0	0	0	0	0	0	0	0	0	0	0	0	0	0	0	0	0	0	0	0	0
302	12.3725	7.0896	2.68	4.6891	0	2.3864	3.3811	2.0661	0.9801	0	0	0	0	0	0	0	0	0	0	0	0	0	0	0	0	0	0	0	0	0	0	0	0	0	0	0	0	0	0	0	0	0	0	0	0	0	0	0	0	0	0	0	0
304	25.2083	5.3087	6.7108	0.9353	0	3.5859	3.763	2.3056	1.3089	0.3278	0	0	0	0	0	0	0	0	0	0	0	0	0	0	0	0	0	0	0	0	0	0	0	0	0	0	0	0	0	0	0	0	0	0	0	0	0	0	0	0	0	0	0
306	11.1458	5.9278	3.7736	7.0761	0	4.7872	4.0098	2.5881	1.638	0.6563	0	0	0	0	0	0	0	0	0	0	0	0	0	0	0	0	0	0	0	0	0	0	0	0	0	0	0	0	0	0	0	0	0	0	0	0	0	0	0	0	0	0	0
308	10.2807	14.4105	0	1.9362	2.723	5.9885	4.255	2.9135	1.9452	0.9851	0	0	0	0	0	0	0	0	0	0	0	0	0	0	0	0	0	0	0	0	0	0	0	0	0	0	0	0	0	0	0	0	0	0	0	0	0	0	0	0	0	0	0
310	24.6693	18.4063	12.1191	7.4044	5.239	5.4492	4.5005	3.2393	2.2528	1.3143	0.5655	0	0	0	0	0	0	0	0	0	0	0	0	0	0	0	0	0	0	0	0	0	0	0	0	0	0	0	0	0	0	0	0	0	0	0	0	0	0	0	0	0	0
312	5.5285	22.2506	8.5916	4.9344	4.5833	4.5751	4.7178	3.5227	2.5525	1.634	1.125	0	0	0	0	0	0	0	0	0	0	0	0	0	0	0	0	0	0	0	0	0	0	0	0	0	0	0	0	0	0	0	0	0	0	0	0	0	0	0	0	0	0
314	18.0491	8.6807	16.2121	8.1645	0.8058	6.6241	4.9324	3.8028	2.856	2.5818	1.6784	0	0	0	0	0	0	0	0	0	0	0	0	0	0	0	0	0	0	0	0	0	0	0	0	0	0	0	0	0	0	0	0	0	0	0	0	0	0	0	0	0	0
316	12.133	17.4161	19.7005	11.6897	5.5362	5.1981	6.9331	4.0662	3.1456	3.5076	2.2184	0.5108	0	0	0	0	0	0	0	0	0	0	0	0	0	0	0	0	0	0	0	0	0	0	0	0	0	0	0	0	0	0	0	0	0	0	0	0	0	0	0	0	0
318	22.7133	18.6816	16.7474	10.8602	8.9678	5.7623	8.9023	4.3099	4.022	4.1958	2.7394	1.0092	0	0	0	0	0	0	0	0	0	0	0	0	0	0	0	0	0	0	0	0	0	0	0	0	0	0	0	0	0	0	0	0	0	0	0	0	0	0	0	0	0
320	21.3043	20.9269	13.4571	9.7127	7.9037	7.6631	8.3596	4.5463	4.8761	4.6623	3.0524	1.4952	0	0	0	0	0	0	0	0	0	0	0	0	0	0	0	0	0	0	0	0	0	0	0	0	0	0	0	0	0	0	0	0	0	0	0	0	0	0	0	0	0
322	28.9207	16.5779	11.334	14.3607	7.1585	7.5731	8.0797	6.723	5.6814	5.0923	3.3413	1.9597	0.3774	0	0	0	0	0	0	0	0	0	0	0	0	0	0	0	0	0	0	0	0	0	0	0	0	0	0	0	0	0	0	0	0	0	0	0	0	0	0	0	0
324	15.5892	19.608	16.8354	15.8206	8.4374	7.8156	8.7854	7.2588	6.4559	5.3247	3.681	2.4072	0.7417	0	0	0	0	0	0	0	0	0	0	0	0	0	0	0	0	0	0	0	0	0	0	0	0	0	0	0	0	0	0	0	0	0	0	0	0	0	0	0	0
326	31.9067	15.0699	20.584	13.277	9.5626	7.8549	9.6794	11.2924	7.1966	5.5433	4.0664	2.4829	1.0925	0	0	0	0	0	0	0	0	0	0	0	0	0	0	0	0	0	0	0	0	0	0	0	0	0	0	0	0	0	0	0	0	0	0	0	0	0	0	0	0
328	27.3867	15.0164	18.0042	11.0545	12.3301	8.5152	9.7281	9.1196	7.7811	5.7478	4.4332	2.5531	1.4292	0.4069	0	0	0	0	0	0	0	0	0	0	0	0	0	0	0	0	0	0	0	0	0	0	0	0	0	0	0	0	0	0	0	0	0	0	0	0	0	0	0
330	33.6068	23.1409	15.8736	12.8625	12.2009	8.1599	9.5439	10.3547	8.9407	5.9404	4.4576	2.7321	1.7522	0.7982	0	0	0	0	0	0	0	0	0	0	0	0	0	0	0	0	0	0	0	0	0	0	0	0	0	0	0	0	0	0	0	0	0	0	0	0	0	0	0
332	23.4548	24.8767	18.7751	14.3268	12.6513	9.4597	9.5265	10.4411	8.9766	6.0556	4.4297	2.9812	2.1747	1.1613	0	0	0	0	0	0	0	0	0	0	0	0	0	0	0	0	0	0	0	0	0	0	0	0	0	0	0	0	0	0	0	0	0	0	0	0	0	0	0
334	30.9951	19.1756	21.4219	15.2385	14.056	10.493	8.1434	10.0851	10.2989	6.9907	4.3953	3.2098	2.5677	1.5004	0.4125	0	0	0	0	0	0	0	0	0	0	0	0	0	0	0	0	0	0	0	0	0	0	0	0	0	0	0	0	0	0	0	0	0	0	0	0	0	0
336	28.0979	30.966	20.0122	18.0053	8.4913	10.7551	9.3739	9.5176	9.4394	7.9014	4.3587	3.545	2.8919	1.8174	0.7993	0	0	0	0	0	0	0	0	0	0	0	0	0	0	0	0	0	0	0	0	0	0	0	0	0	0	0	0	0	0	0	0	0	0	0	0	0	0
338	31.065	25.065	20.064	15.8116	12.035	10.8402	9.6507	10.2697	10.5972	9.0847	4.3202	3.8564	3.1525	2.2135	1.1618	0	0	0	0	0	0	0	0	0	0	0	0	0	0	0	0	0	0	0	0	0	0	0	0	0	0	0	0	0	0	0	0	0	0	0	0	0	0
340	19.385	25.5053	22.3006	18.0291	11.145	11.6155	10.607	10.6233	9.9133	9.4149	6.4958	4.1409	3.3908	2.5807	1.4996	0.5386	0	0	0	0	0	0	0	0	0	0	0	0	0	0	0	0	0	0	0	0	0	0	0	0	0	0	0	0	0	0	0	0	0	0	0	0	0
342	30.7562	20.8632	18.1271	18.7491	13.6994	10.3517	10.9445	10.1322	10.2585	8.6001	7.931	4.4224	3.7201	2.9035	1.8225	1.0472	0	0	0	0	0	0	0	0	0	0	0	0	0	0	0	0	0	0	0	0	0	0	0	0	0	0	0	0	0	0	0	0	0	0	0	0	0
344	36.3037	25.1358	21.412	15.9028	13.0391	11.4239	12.5739	11.4106	10.8117	9.5432	8.3818	4.6812	4.0253	3.1731	2.5815	1.526	0	0	0	0	0	0	0	0	0	0	0	0	0	0	0	0	0	0	0	0	0	0	0	0	0	0	0	0	0	0	0	0	0	0	0	0	0
346	29.4014	28.0542	23.7464	16.2876	14.9483	11.0391	11.5833	11.6086	11.3998	9.4514	8.8614	5.9604	4.3175	3.431	3.3016	1.9801	0.4129	0	0	0	0	0	0	0	0	0	0	0	0	0	0	0	0	0	0	0	0	0	0	0	0	0	0	0	0	0	0	0	0	0	0	0	0
348	37.4328	32.3922	19.4064	18.1408	13.7883	12.8213	12.0852	11.8825	11.4448	11.4835	9.9498	8.0806	4.6	4.1117	3.8443	2.4134	0.8051	0	0	0	0	0	0	0	0	0	0	0	0	0	0	0	0	0	0	0	0	0	0	0	0	0	0	0	0	0	0	0	0	0	0	0	0
350	37.6256	27.7946	23.0923	18.3931	15.6667	13.5117	12.7882	12.323	11.6656	10.3696	10.1567	7.8646	4.8625	4.7531	4.2141	2.7435	1.1767	0	0	0	0	0	0	0	0	0	0	0	0	0	0	0	0	0	0	0	0	0	0	0	0	0	0	0	0	0	0	0	0	0	0	0	0
352	38.152	32.2518	24.3545	20.1522	16.2032	11.8672	13.3109	12.8968	11.9803	10.184	10.5045	8.6526	7.5107	5.3565	4.5602	3.0536	1.528	0	0	0	0	0	0	0	0	0	0	0	0	0	0	0	0	0	0	0	0	0	0	0	0	0	0	0	0	0	0	0	0	0	0	0	0
354	39.9097	32.219	23.3473	22.1978	15.5665	14.3811	13.9513	12.6506	12.351	12.3059	10.8425	9.3838	7.5547	5.9208	4.8078	3.3432	2.1913	0.9701	0	0	0	0	0	0	0	0	0	0	0	0	0	0	0	0	0	0	0	0	0	0	0	0	0	0	0	0	0	0	0	0	0	0	0
356	32.368	30.2229	23.5241	19.1679	18.0082	14.9093	13.6554	14.0848	13.012	12.6308	9.7883	11.3622	9.1673	6.4684	5.3752	4.2733	3.1692	1.8934	0	0	0	0	0	0	0	0	0	0	0	0	0	0	0	0	0	0	0	0	0	0	0	0	0	0	0	0	0	0	0	0	0	0	0
358	39.8723	32.3925	24.1161	21.4635	18.0402	15.3324	15.2367	14.5922	14.3279	12.4033	11.7983	11.5696	10.0924	8.7129	6.2455	5.1714	4.1481	2.7797	1.2777	0	0	0	0	0	0	0	0	0	0	0	0	0	0	0	0	0	0	0	0	0	0	0	0	0	0	0	0	0	0	0	0	0	0
360	36.206	32.7737	26.5847	22.6981	19.6287	16.2495	13.8941	14.6369	13.8544	13.5019	12.8712	12.1474	11.8117	9.1671	7.0728	6.0633	5.0815	3.6255	2.2376	0.1063	0	0	0	0	0	0	0	0	0	0	0	0	0	0	0	0	0	0	0	0	0	0	0	0	0	0	0	0	0	0	0	0	0
362	44.5843	33.7909	29.421	25.8439	18.9277	17.684	15.9685	15.239	15.7105	14.3925	13.8651	12.8711	12.216	11.1755	7.9126	6.9772	5.8945	4.5449	3.1758	1.16	0	0	0	0	0	0	0	0	0	0	0	0	0	0	0	0	0	0	0	0	0	0	0	0	0	0	0	0	0	0	0	0	0
364	41.7111	28.6196	32.07	23.7806	21.7701	18.2017	17.1151	17.3586	15.7979	15.6542	14.4176	14.4944	12.5581	12.2182	9.6008	7.8596	6.6796	5.5967	4.0837	2.4193	0	0	0	0	0	0	0	0	0	0	0	0	0	0	0	0	0	0	0	0	0	0	0	0	0	0	0	0	0	0	0	0	0
366	42.4932	37.4721	32.1797	26.6635	22.495	18.3562	16.9909	16.7642	16.3202	16.476	16.1763	15.15	14.1313	13.0998	11.9366	8.7178	7.6031	6.6183	4.9652	3.3339	0.1571	0	0	0	0	0	0	0	0	0	0	0	0	0	0	0	0	0	0	0	0	0	0	0	0	0	0	0	0	0	0	0	0
368	45.1006	36.6371	37.0079	26.5598	24.2039	19.5414	19.4234	16.9229	18.4007	16.7299	16.9079	15.6718	15.093	13.6066	13.2019	9.554	8.5813	7.4561	5.8275	4.223	2.1982	0	0	0	0	0	0	0	0	0	0	0	0	0	0	0	0	0	0	0	0	0	0	0	0	0	0	0	0	0	0	0	0
370	42.4338	42.3443	35.4995	28.3375	25.0806	20.5534	20.0412	18.8627	19.8159	17.5169	16.5539	17.0931	16.7194	15.529	14.1865	12.258	9.5276	8.2664	6.6713	5.0845	3.4993	0.0024	0	0	0	0	0	0	0	0	0	0	0	0	0	0	0	0	0	0	0	0	0	0	0	0	0	0	0	0	0	0	0
372	53.2679	44.8182	39.1242	32.0233	26.0974	22.3604	20.1232	19.0558	20.3734	18.7676	18.632	17.1348	16.9985	17.0123	14.8109	13.9953	10.4955	9.1048	7.5258	6.2407	4.448	1.7694	0	0	0	0	0	0	0	0	0	0	0	0	0	0	0	0	0	0	0	0	0	0	0	0	0	0	0	0	0	0	0
374	53.0892	45.6047	36.7481	32.5965	27.5249	23.3667	21.4319	22.1345	21.4824	20.2058	19.6184	19.0273	19.1115	18.6026	16.6569	14.5857	11.4422	10.2215	8.9439	7.6622	5.3772	3.187	0.0775	0	0	0	0	0	0	0	0	0	0	0	0	0	0	0	0	0	0	0	0	0	0	0	0	0	0	0	0	0	0
376	58.554	46.2758	37.071	33.275	28.6702	24.0208	23.142	21.3807	21.3429	20.9464	20.8156	21.4127	20.4871	19.5531	18.4788	17.1114	13.7679	11.5935	10.3233	8.6001	6.2814	3.9241	1.0723	0	0	0	0	0	0	0	0	0	0	0	0	0	0	0	0	0	0	0	0	0	0	0	0	0	0	0	0	0	0
378	58.7316	49.4042	42.3141	36.9855	29.5724	25.7858	24.0457	22.8815	23.2307	22.2169	22.5851	23.333	22.3842	20.4	19.6751	18.0392	15.3048	12.9215	11.66	9.5072	7.158	4.9319	2.3828	0	0	0	0	0	0	0	0	0	0	0	0	0	0	0	0	0	0	0	0	0	0	0	0	0	0	0	0	0	0
380	59.0588	50.6535	43.9444	37.9764	31.7553	27.0154	26.8624	23.7274	23.2363	23.9071	23.4303	23.4462	22.8715	22.1562	21.0427	19.9551	17.0598	14.2143	12.5232	10.3668	8.0118	5.9144	3.5215	0.8138	0	0	0	0	0	0	0	0	0	0	0	0	0	0	0	0	0	0	0	0	0	0	0	0	0	0	0	0	0
382	52.8332	54.1285	47.0438	39.5436	32.8499	29.7742	27.4263	25.5134	25.138	24.0646	25.0329	24.9138	24.5864	24.1402	22.3955	21.1495	19.132	15.5424	13.4229	11.2307	8.9632	6.9028	4.9115	1.8213	0	0	0	0	0	0	0	0	0	0	0	0	0	0	0	0	0	0	0	0	0	0	0	0	0	0	0	0	0
384	61.496	54.8693	46.1528	39.8376	34.0238	29.3384	28.0512	27.0611	26.9366	26.021	25.8475	26.701	26.4291	24.6515	24.6157	21.8171	20.3951	17.1408	14.307	12.0799	9.8989	7.8753	5.7188	3.4558	0.6455	0	0	0	0	0	0	0	0	0	0	0	0	0	0	0	0	0	0	0	0	0	0	0	0	0	0	0	0
386	58.3687	52.7713	47.237	42.7238	35.4561	31.1795	28.8952	26.6297	26.3436	26.7571	27.3635	27.8228	26.4509	26.3691	24.5059	24.0061	21.7729	18.2531	15.2323	13.0429	10.8783	8.8646	6.5371	4.3304	1.7738	0	0	0	0	0	0	0	0	0	0	0	0	0	0	0	0	0	0	0	0	0	0	0	0	0	0	0	0
388	73.3929	59.4011	46.3711	44.0016	39.8372	32.4924	31.0901	28.7839	27.2987	27.8508	27.6727	28.3507	28.8602	26.8449	27.6841	24.7895	22.5716	20.334	16.2097	14.0499	11.9126	9.7262	7.3759	4.9675	2.352	0.2658	0	0	0	0	0	0	0	0	0	0	0	0	0	0	0	0	0	0	0	0	0	0	0	0	0	0	0
390	64.8597	57.8074	52.8803	46.8461	40.3911	34.4919	29.6381	29.3453	28.9631	28.9899	28.5406	30.8342	30.7901	29.6671	27.8597	26.0651	23.7687	21.9547	18.5102	15.056	12.9461	10.5871	8.2139	5.9918	3.9848	1.0491	0	0	0	0	0	0	0	0	0	0	0	0	0	0	0	0	0	0	0	0	0	0	0	0	0	0	0
392	74.5858	65.2908	56.5817	48.6746	40.8683	37.6012	30.8634	31.6971	30.301	29.7484	29.0708	31.8142	31.0467	30.1714	28.6269	27.3569	24.4549	23.3152	20.3476	15.9654	13.7377	11.3789	9.1692	6.9194	4.5496	2.1362	0	0	0	0	0	0	0	0	0	0	0	0	0	0	0	0	0	0	0	0	0	0	0	0	0	0	0
394	71.3419	65.2551	55.7324	50.1158	43.0779	36.8942	33.7522	30.3847	30.7142	31.1507	31.5772	32.603	32.2705	31.1858	30.6755	28.5109	27.4375	24.4959	21.2631	16.8618	14.6968	12.5113	10.1947	7.8346	5.5896	2.8354	0.796	0	0	0	0	0	0	0	0	0	0	0	0	0	0	0	0	0	0	0	0	0	0	0	0	0	0
396	68.9066	67.9989	59.3086	51.5403	46.0661	36.414	35.6353	33.4704	31.3938	32.0204	32.9764	32.4916	34.1986	34.1951	32.4276	30.4529	27.7401	25.6527	23.3878	19.2297	15.8446	13.6492	11.049	8.751	6.697	4.5135	1.651	0.1755	0	0	0	0	0	0	0	0	0	0	0	0	0	0	0	0	0	0	0	0	0	0	0	0	0
398	77.5844	72.149	58.2357	46.6883	45.2206	39.7703	36.9042	34.0775	32.615	32.4607	32.4505	34.8663	34.6561	35.1181	33.549	31.7194	29.795	27.4291	24.4153	21.1212	17.0069	14.6192	11.9127	9.6729	7.5373	5.1114	2.7054	0.5741	0	0	0	0	0	0	0	0	0	0	0	0	0	0	0	0	0	0	0	0	0	0	0	0	0
400	81.5356	65.9008	60.2074	54.7798	45.7832	43.5564	38.6906	35.5676	34.3612	32.3376	33.9325	35.9169	35.1995	36.3586	35.7029	32.7237	31.3258	28.5745	26.4851	23.285	18.1609	15.4931	12.8428	10.5904	8.3716	6.5934	3.7368	1.0635	0.1775	0	0	0	0	0	0	0	0	0	0	0	0	0	0	0	0	0	0	0	0	0	0	0	0
402	78.2477	72.9866	63.5336	54.0724	48.4915	44.322	37.9791	35.1305	34.9031	34.5625	36.0232	36.2094	37.0215	37.8226	36.7796	34.0441	32.1158	30.7538	27.6706	24.904	20.3554	16.3326	13.7426	11.4859	9.1843	6.9102	4.5687	2.4633	0.5856	0	0	0	0	0	0	0	0	0	0	0	0	0	0	0	0	0	0	0	0	0	0	0	0
404	79.6656	70.5885	64.6639	57.8074	50.342	45.0399	41.5848	36.6739	35.9955	36.1811	37.8063	37.503	37.9107	38.5715	38.7556	36.2728	33.4258	32.144	28.9375	25.9409	21.6174	17.1625	14.6368	12.3717	9.9881	7.768	5.4179	2.9963	0.7165	0.195	0	0	0	0	0	0	0	0	0	0	0	0	0	0	0	0	0	0	0	0	0	0	0
406	96.3165	74.6853	67.3958	62.1271	53.7225	45.4051	43.1007	39.571	37.2212	36.9236	37.7944	39.0037	39.5155	40.1816	39.1273	38.633	34.1489	33.1795	30.5748	27.0142	23.3981	18.0166	15.552	13.1891	10.8184	8.6327	6.3848	3.7712	1.7262	0.5307	0	0	0	0	0	0	0	0	0	0	0	0	0	0	0	0	0	0	0	0	0	0	0
408	90.3227	77.4615	68.6784	58.8988	55.2197	47.514	42.0133	40.4362	39.0552	38.4131	39.093	40.2935	40.6541	41.9796	40.8012	38.9204	37.1429	34.3637	31.3276	28.6836	25.4831	20.723	16.4917	14.027	11.695	9.5091	7.3792	4.6911	2.1489	1.2253	0	0	0	0	0	0	0	0	0	0	0	0	0	0	0	0	0	0	0	0	0	0	0
410	84.9327	84.5358	70.4429	65.0425	57.5813	47.1508	43.4298	38.8006	39.6293	38.6033	40.3485	41.2715	42.5444	43.1364	42.0395	40.5975	38.8692	36.5131	33.7635	29.6955	26.8254	22.476	17.4284	14.893	12.5691	10.4619	8.1635	5.5911	3.4181	1.2169	0.0508	0	0	0	0	0	0	0	0	0	0	0	0	0	0	0	0	0	0	0	0	0	0
412	88.255	88.099	73.8168	68.4814	57.5033	51.0529	44.7923	40.8261	38.9742	39.9414	40.6366	42.703	43.1741	44.2643	42.9524	41.183	39.8167	37.2819	34.7178	31.9994	28.1833	24.7728	18.3638	15.853	13.5998	11.4915	8.946	7.1892	4.3643	2.1175	0.9275	0	0	0	0	0	0	0	0	0	0	0	0	0	0	0	0	0	0	0	0	0	0
414	94.3682	83.2601	72.0192	66.1175	59.2283	51.9117	47.0569	43.5848	41.3035	39.0791	42.5314	42.8504	43.6311	43.6087	44.072	43.3297	40.8012	38.7357	34.9688	32.5995	29.4793	25.9252	20.9458	16.8904	14.6275	12.267	9.7263	7.0903	4.9077	2.4861	1.1865	0.2589	0	0	0	0	0	0	0	0	0	0	0	0	0	0	0	0	0	0	0	0	0
416	88.4842	77.0706	71.2925	68.7283	59.0566	52.5983	48.577	43.7435	42.7571	41.3476	42.3993	43.9181	45.6052	46.0453	45.5539	44.0275	41.9676	40.0647	38.1902	34.3642	30.3011	27.2366	22.8265	17.9656	15.688	13.0698	10.5281	7.9977	5.9125	3.6078	1.629	0.5181	0	0	0	0	0	0	0	0	0	0	0	0	0	0	0	0	0	0	0	0	0
418	92.0977	92.0099	75.3354	70.2812	62.8405	54.6189	49.5656	46.1337	43.281	42.2079	42.2937	45.3046	45.0795	46.3881	46.2408	44.651	44.0754	40.4666	38.6766	35.2097	31.7032	29.2009	24.625	19.0857	16.5349	13.9055	11.4197	8.9394	6.6927	4.4578	2.1058	1.2497	0	0	0	0	0	0	0	0	0	0	0	0	0	0	0	0	0	0	0	0	0
420	102.4716	90.8016	78.7296	71.9585	63.0978	56.7103	51.8534	45.1676	44.9269	43.5311	43.2035	44.04	46.1998	47.5431	46.7461	46.8018	43.9224	41.9578	39.1568	36.5586	32.2927	29.4679	25.1247	20.2125	17.4499	14.8716	12.3413	9.8868	7.7096	5.0205	2.9554	1.3344	0.2159	0	0	0	0	0	0	0	0	0	0	0	0	0	0	0	0	0	0	0	0
422	93.9885	90.4696	87.0329	74.9583	67.4937	58.6078	52.6739	47.5908	44.6925	44.6309	44.8258	44.7254	47.1939	48.1248	48.4588	47.252	45.5238	43.0348	40.0648	37.6377	35.1562	31.0464	27.3498	23.1971	18.438	15.8475	13.195	10.8425	8.5656	5.8945	3.788	1.9818	1.1819	0	0	0	0	0	0	0	0	0	0	0	0	0	0	0	0	0	0	0	0
424	95.0102	90.3475	82.0408	78.3682	68.4336	59.3054	53.8009	48.5165	46.8232	44.6141	46.7903	46.8339	48.5941	49.3199	50.0372	49.0126	46.7751	44.8995	41.6533	39.3396	36.8087	32.3846	28.0911	23.552	19.4323	16.7528	14.0542	11.8044	9.19	6.5345	4.2876	2.6025	1.4498	0	0	0	0	0	0	0	0	0	0	0	0	0	0	0	0	0	0	0	0
426	104.4474	97.7259	84.0582	74.8806	70.7033	60.5436	54.7417	50.1266	47.0448	44.329	44.7665	47.7371	48.6426	49.5261	49.7272	48.5357	47.5673	46.0056	42.796	40.3879	36.8383	33.5502	29.4484	25.4952	20.4659	17.6536	15.0505	12.6112	9.8342	7.7894	5.3253	3.1524	1.5504	0.5666	0	0	0	0	0	0	0	0	0	0	0	0	0	0	0	0	0	0	0
428	110.9309	92.4795	84.6372	76.222	70.4463	62.2703	55.6888	50.5302	48.0058	47.7098	47.0851	46.7909	49.3295	49.6904	49.7976	50.2977	48.8458	47.3897	43.2814	40.5745	37.954	34.6414	30.8325	27.485	22.5666	18.5923	16.0818	13.0808	10.5011	8.1738	5.8957	3.7457	2.495	1.2026	0	0	0	0	0	0	0	0	0	0	0	0	0	0	0	0	0	0	0
430	102.8636	91.2757	86.2008	78.1194	72.4487	62.5038	55.597	52.6328	48.1222	47.4759	47.4306	48.4211	49.9066	50.1778	50.718	50.4056	48.7058	48.3311	45.0156	43.4348	39.2964	35.0978	31.9387	27.9023	24.1915	19.5418	16.7578	13.5554	11.1758	8.8455	6.5492	4.5635	2.7507	1.5904	0.0253	0	0	0	0	0	0	0	0	0	0	0	0	0	0	0	0	0	0
432	110.5632	96.2614	83.2975	82.5092	72.8924	67.1271	57.4616	52.1222	49.8138	47.063	46.8927	47.5993	49.6806	50.8361	51.5605	51.7741	49.6915	48.4494	46.0534	43.5744	40.2766	36.8946	32.7762	28.756	24.7102	20.4795	17.2376	14.2363	11.8477	9.5147	7.2163	5.2646	3.3456	2.0577	1.1135	0	0	0	0	0	0	0	0	0	0	0	0	0	0	0	0	0	0
434	96.8913	101.6222	85.4865	82.6223	71.0249	64.2332	56.7822	53.6847	49.1222	46.3124	48.3969	48.2019	50.2762	51.6175	52.8526	51.1721	51.0051	49.9298	47.682	44.2911	41.1462	36.799	32.9079	29.9108	25.8736	21.8078	17.7215	14.9237	12.5308	10.1904	7.9334	5.7724	3.9324	2.543	1.5752	0.3234	0	0	0	0	0	0	0	0	0	0	0	0	0	0	0	0	0
436	111.5709	93.376	91.3137	85.7618	75.7056	69.0513	57.8094	53.9522	48.9644	48.5809	47.6456	49.907	50.4341	51.46	51.6704	51.9478	51.3131	50.0641	47.4963	45.9522	42.437	37.9842	34.5137	30.6073	27.3608	23.1209	18.2329	15.6422	13.2374	10.8867	8.4875	6.3512	4.6476	2.5435	1.4767	0.8774	0	0	0	0	0	0	0	0	0	0	0	0	0	0	0	0	0
438	101.9415	104.0995	90.1203	87.071	75.8703	67.7243	59.6835	55.0379	50.2037	48.8944	47.6954	49.6139	51.3165	51.3274	52.7828	53.1011	51.9548	50.8565	48.3591	46.0013	42.8589	39.6479	35.6604	31.8458	28.011	24.3593	18.7733	16.3877	13.961	11.5926	9.0205	6.9663	5.4474	3.6119	2.1033	1.0471	0	0	0	0	0	0	0	0	0	0	0	0	0	0	0	0	0
440	109.1631	101.5031	88.7502	83.0268	73.1264	67.941	61.7639	56.6143	51.8673	50.4041	49.675	49.8672	52.3399	52.0343	51.4509	53.0303	52.6067	50.5177	49.3927	47.2539	44.175	40.8138	36.2917	32.5805	29.0656	25.6598	20.9608	17.1296	14.6855	12.1832	9.5608	7.5659	5.5715	3.9812	2.3893	1.3717	0.4594	0	0	0	0	0	0	0	0	0	0	0	0	0	0	0	0
442	103.7002	94.5886	88.0955	82.7971	76.72	70.3527	62.4719	56.0746	52.4221	49.4706	48.5654	50.4585	50.2888	51.8933	53.5445	52.9907	53.0653	52.7708	50.5936	47.7665	43.9413	41.7059	37.0469	33.2343	29.7063	26.543	22.4559	17.8673	15.4075	12.5292	10.1004	7.794	6.0141	4.7278	2.8217	1.833	0.8547	0	0	0	0	0	0	0	0	0	0	0	0	0	0	0	0
444	105.7088	99.2023	90.8047	85.7492	78.1528	68.3504	62.4419	56.7781	53.4273	48.9451	48.9699	50.0193	50.8125	52.5386	52.8664	53.1099	53.6256	52.6228	51.0398	48.2696	44.1814	41.2373	38.1125	33.6928	30.4739	27.4068	22.9125	18.6135	15.8958	12.8787	10.6466	8.3715	6.6297	5.2122	3.52	2.2322	1.4039	0.0661	0	0	0	0	0	0	0	0	0	0	0	0	0	0	0
446	105.8738	100.4973	92.4432	88.6974	81.2921	69.6035	62.8813	57.2485	54.0103	49.7808	49.0705	49.6856	51.7553	51.5714	53.6305	52.9083	53.4658	52.7318	49.9935	49.0603	45.4169	42.0826	39.0806	34.5353	31.197	27.7871	24.3513	19.3808	16.2777	13.4519	11.1338	8.9619	7.7673	5.7281	4.3733	2.2923	1.7455	0.8115	0	0	0	0	0	0	0	0	0	0	0	0	0	0	0
448	117.4758	98.4861	90.9594	88.2641	78.7205	71.6627	63.6709	57.4234	52.6014	49.8426	49.5865	47.9457	50.6281	51.9968	52.2849	53.031	52.9718	52.267	50.8512	48.5779	46.0822	42.7411	39.15	34.8851	31.2701	28.799	25.2197	19.8532	16.6741	14.0411	11.488	9.5663	8.0188	6.2846	4.9266	3.231	1.9208	1.1465	0	0	0	0	0	0	0	0	0	0	0	0	0	0	0
450	111.2926	94.3944	89.5898	82.5577	78.7719	71.5468	64.8608	56.4005	54.802	50.447	48.9999	51.2028	50.7083	50.8233	50.8413	52.6967	53.0525	53.3439	51.0398	48.8873	46.3994	42.4955	39.3562	35.1146	31.919	29.4282	25.5506	21.4948	17.0749	14.4914	11.8465	10.1791	8.4531	6.6808	5.1775	3.5674	2.0176	1.8987	0.4964	0	0	0	0	0	0	0	0	0	0	0	0	0	0
452	95.7595	102.2268	95.6682	89.3275	77.9229	70.6838	62.8321	57.2471	52.4189	50.7192	49.2606	48.4196	51.2354	50.9423	52.4427	52.4354	52.7317	53.3823	51.0602	48.7493	45.9021	43.1164	39.9435	35.7508	32.7857	29.4693	25.5121	21.6794	17.4879	14.8799	12.4868	10.7479	8.8974	7.4873	5.6545	4.554	2.9241	1.7497	1.1575	0	0	0	0	0	0	0	0	0	0	0	0	0	0
454	111.7415	99.867	95.4595	84.1699	78.7563	70.2428	63.2234	58.6463	52.444	49.9625	48.7629	49.2531	49.4515	51.5874	51.878	52.8208	53.0892	52.412	51.27	49.3342	46.7594	43.6412	39.5245	36.2704	32.9459	30.46	26.198	22.2185	18.2468	15.2728	13.1361	11.2088	9.3478	7.9123	5.9305	4.7626	3.1276	2.3647	1.8853	0.2181	0	0	0	0	0	0	0	0	0	0	0	0	0
456	111.2363	100.1506	91.691	90.7513	80.5343	72.1572	64.0945	58.0395	51.9848	50.0892	49.1101	48.6839	48.8027	50.3289	51.7176	52.2941	52.2852	53.336	50.687	50.1707	46.7978	42.7351	40.501	36.9933	32.9578	30.6923	27.2064	23.3914	18.898	15.6943	13.6985	11.6937	9.8196	7.8235	6.5574	5.1678	4.008	2.5752	1.9061	0.9373	0	0	0	0	0	0	0	0	0	0	0	0	0
458	109.08	104.924	87.5143	83.2342	79.6747	71.917	64.143	58.1765	53.5028	50.9961	47.6253	49.0574	49.3776	50.5476	51.3894	52.3284	52.3603	52.4796	51.2013	50.5183	47.1887	44.0457	40.541	36.3225	34.094	30.966	27.6658	23.9162	20.0995	16.1456	14.1209	11.9827	9.9774	8.1518	7.4364	5.6926	4.1318	2.9596	1.9928	1.332	0	0	0	0	0	0	0	0	0	0	0	0	0
460	117.8709	107.8131	92.1836	85.0044	78.5221	70.5409	65.6585	57.6785	53.2358	50.6595	48.3698	50.3195	49.1246	49.6567	50.5392	51.7752	53.0818	51.7203	50.4783	50.3396	47.0414	43.9279	40.3007	37.1464	34.3307	31.0264	28.2022	24.6449	20.8537	16.5106	14.2128	12.051	10.0535	8.4854	7.7463	5.9521	4.985	3.4864	2.1248	1.7687	0.6097	0	0	0	0	0	0	0	0	0	0	0	0
462	110.5339	97.3091	88.6106	85.567	79.1818	73.2168	63.3722	58.9881	57.0078	51.1635	49.6287	49.2031	48.7518	49.6495	50.1756	51.6479	51.428	51.6822	50.7984	48.4938	47.6712	44.2384	40.0974	37.2951	34.9082	31.3541	28.3392	24.41	21.5321	17.4434	14.3191	12.1313	10.2021	8.834	7.6999	6.5353	4.8827	3.9806	2.3248	2.0682	1.1217	0	0	0	0	0	0	0	0	0	0	0	0
464	100.9224	85.5674	85.9953	85.0724	80.4005	72.997	65.9065	59.4062	55.3383	49.8821	48.8576	48.3595	49.0754	48.7345	50.2113	51.5424	51.512	51.4545	51.3452	49.4721	47.0995	43.8556	40.4994	37.28	34.4872	31.7936	28.7384	25.1495	21.8422	17.7878	14.4238	12.2721	10.3513	9.1885	7.9864	7.1231	5.4935	4.1074	3.0334	2.1984	1.6178	0.1398	0	0	0	0	0	0	0	0	0	0	0
466	97.4171	91.4488	89.4031	84.0169	81.1061	72.4579	66.4425	59.3272	54.9052	50.6479	48.9234	48.2744	48.0857	48.287	49.6745	50.3931	50.4857	51.7392	50.0897	48.5826	46.4844	43.7572	40.3555	37.3219	34.2553	31.9849	29.0021	25.6277	22.0741	18.6964	14.5314	12.4481	10.7276	9.442	8.2799	7.702	5.6736	4.5987	3.5859	2.4103	1.5303	0.8723	0	0	0	0	0	0	0	0	0	0	0
468	93.8315	96.8813	87.1753	81.143	78.5194	71.0684	66.0843	59.663	53.696	50.3271	48.9729	46.4748	48.0424	48.0789	49.3226	50.5536	51.4557	50.2187	50.7519	49.1049	45.6474	44.3491	40.4318	38.0117	34.6845	31.9096	28.4186	26.0418	22.3545	19.1466	16.06	12.6285	11.1132	9.4796	8.5808	7.9397	5.911	4.9395	3.7186	2.9102	1.8989	1.2008	0.0421	0	0	0	0	0	0	0	0	0	0
470	90.1344	90.6145	82.7209	81.2734	76.8608	71.136	66.1876	58.7147	54.6859	51.4293	46.8952	46.8716	47.0695	48.3267	48.7324	49.5609	50.5338	49.7406	49.0231	48.6204	45.5604	42.8626	41.0438	37.756	35.5473	32.6649	29.2547	25.2595	22.7279	19.8445	16.536	12.8096	11.281	9.5153	8.8865	7.9104	6.4492	5.3188	4.4118	2.8135	2.1586	1.5117	0.4882	0	0	0	0	0	0	0	0	0	0
472	86.5327	91.4977	80.0901	83.7685	78.8333	72.3333	66.6899	60.886	55.4586	49.2139	49.1446	47.5268	46.6863	46.5492	48.2111	47.7257	49.6325	49.4829	48.9923	47.8642	45.3924	43.2083	40.6768	37.5263	34.1475	31.9832	29.2818	26.0818	22.9001	19.713	16.8035	13.0222	11.3631	9.855	9.1084	7.8968	6.8006	5.6593	4.5705	3.378	1.9266	2.0471	0.8172	0	0	0	0	0	0	0	0	0	0
474	82.7966	78.5025	88.0564	81.6095	73.1817	69.3655	64.1596	58.866	52.8309	48.037	47.3631	47.2319	46.8905	47.2617	46.3382	47.3026	48.6426	48.7084	48.4631	47.2156	45.826	42.9516	39.3186	37.6057	34.3841	32.4841	29.3403	25.7478	23.3887	20.6138	17.7678	14.0029	11.443	10.2005	9.1093	7.8796	7.4258	5.9228	4.9206	3.5897	2.5135	2.0484	1.4255	0.172	0	0	0	0	0	0	0	0	0
476	78.8538	76.1297	85.0632	80.228	76.9191	69.9161	65.0518	57.7925	53.7881	49.1338	47.6158	46.9094	47.421	45.9004	46.1945	46.8669	48.9441	47.7856	48.0039	46.1694	44.8515	42.8738	40.0176	37.1208	35.113	31.9658	29.2218	26.2077	23.011	20.6819	17.3954	14.6934	11.5102	10.3172	9.0982	7.8517	6.5689	6.4655	5.0172	4.1089	2.8224	2.2967	1.6022	0.3211	0	0	0	0	0	0	0	0	0
478	74.7187	73.6045	85.0585	75.498	74.9822	68.9233	63.9298	58.2098	53.6773	48.0729	46.2772	45.7499	45.2941	44.8109	45.558	45.5713	46.72	46.5711	47.7485	46.4	44.3987	42.2902	39.943	36.2298	33.5476	31.9442	29.2695	26.713	22.9052	20.3589	17.9303	14.8909	11.5648	10.3757	9.2077	8.0128	6.7933	6.7396	5.5344	4.2663	2.9959	2.6581	1.8371	1.2198	0	0	0	0	0	0	0	0	0
480	70.4689	71.0003	81.2515	79.621	75.2305	70.8328	63.1601	56.0269	52.403	48.6097	46.1653	46.0192	45.7343	44.4842	45.9282	44.9246	46.7453	47.3517	46.1411	45.7369	43.1099	40.984	39.7162	35.9549	34.0559	32.1068	29.2902	26.3978	23.6151	20.6166	18.1035	15.4469	12.1591	10.6315	9.4508	8.2087	7.0212	6.5951	5.6885	4.727	3.5718	2.4462	2.2215	1.4646	0.7964	0	0	0	0	0	0	0	0
482	65.9674	68.1751	78.7567	75.3832	73.7009	70.938	61.39	58.5636	53.0013	49.6863	46.369	44.9589	43.422	44.5142	43.6785	45.3477	45.9105	46.7251	44.9683	44.6531	44.0727	40.6835	38.379	36.1056	34.4553	31.2067	29.2397	26.4936	22.8768	20.5178	18.6792	15.8895	13.3305	10.868	9.6771	8.321	7.2376	6.264	6.091	4.8526	3.9105	2.7971	2.1673	1.8459	0.8767	0	0	0	0	0	0	0	0
484	61.3738	65.2858	75.8042	75.9327	69.2015	68.5269	65.753	55.7783	52.6074	48.9273	45.5147	44.5715	44.5447	44.6009	43.9922	44.4628	45.2595	45.5301	44.9199	43.5873	42.6665	40.0126	38.2477	34.6155	33.836	31.5021	29.414	26.6342	23.8389	20.7821	18.9118	16.2241	14.124	11.1071	9.837	8.4339	7.4568	6.3595	6.407	5.256	4.2794	2.952	2.3246	1.8277	1.1001	0.3952	0	0	0	0	0	0	0
486	56.6772	62.3205	72.7087	69.8861	73.1901	69.6406	62.6591	57.5049	50.9945	47.3495	44.1987	44.8294	43.9623	42.5367	42.6906	43.4536	43.2505	43.9917	44.5686	43.9036	41.2651	40.3292	38.243	35.1424	32.7942	31.8856	28.7375	25.8743	23.241	20.5629	18.8083	16.5607	14.1894	11.3465	9.9616	8.6628	7.6149	6.4545	6.2968	5.584	4.3262	3.2777	2.4104	1.9838	2.0428	0.8141	0	0	0	0	0	0	0
488	51.8811	59.2813	69.5334	76.2218	73.9351	65.8457	58.7455	56.887	49.3779	46.6245	47.2234	42.6578	41.974	42.6951	42.2327	43.6762	43.1258	44.1899	42.4532	42.8784	41.7178	40.0805	37.3208	35.0949	33.4571	30.5536	28.936	26.1367	23.5446	21.1042	18.4649	16.2663	14.5768	12.3201	10.0848	8.8928	7.6472	6.5488	6.1397	5.929	4.6756	3.9319	2.6185	2.5198	1.7569	1.2377	0.2331	0	0	0	0	0	0
490	46.998	56.1814	66.2936	72.4255	67.8834	66.906	61.5594	57.0781	51.7622	46.2816	45.6174	42.2594	41.8473	41.8049	42.1966	43.1975	42.7384	43.2341	43.0958	41.4073	41.3493	38.7725	35.9534	33.876	33.3173	30.8178	29.2904	25.9197	23.7557	20.9301	18.9127	16.5419	14.4131	12.5882	10.2086	8.9988	7.6789	6.6438	5.5799	5.9178	4.5243	4.0773	2.7598	2.2027	2.2245	1.5928	0.5476	0	0	0	0	0	0
492	42.0683	52.7861	63.0496	71.5724	71.1635	64.8471	59.9098	55.496	49.2019	46.1041	42.9399	41.7974	40.5375	41.1204	41.6192	41.6261	42.6371	42.3177	41.2855	41.927	40.3703	38.6997	35.8633	33.94	33.6945	31.5964	28.3243	25.9567	23.3711	20.7357	18.8508	16.4308	14.5666	13.1725	10.3428	9.0502	7.7908	6.7458	5.8484	6.5039	5.332	4.3517	3.4393	2.5137	2.3882	1.6975	0.8838	0	0	0	0	0	0
494	37.042	49.0309	59.7339	68.0913	68.1209	63.5422	60.4817	53.9851	47.9645	46.4544	44.1904	41.0826	41.3882	41.0088	40.4952	40.4872	40.6115	42.5448	41.2702	40.7993	40.0989	37.9444	36.0359	34.2079	32.5144	30.6132	28.0148	25.9714	23.0929	20.7672	18.9869	16.5234	15.5551	13.193	11.018	9.1008	7.9034	6.9376	6.1211	6.1839	5.6099	4.6014	3.7707	2.0897	2.2503	1.8747	1.259	0.2691	0	0	0	0	0
496	31.9099	45.1849	54.724	64.3823	63.4684	62.24	57.597	55.2928	50.4124	46.2103	43.3458	41.9538	39.9372	39.4567	39.2289	39.9759	40.2578	40.1809	40.5666	39.548	38.1332	36.727	35.9638	33.0256	31.3721	30.2071	28.5027	25.6095	22.5709	20.8336	18.7169	16.5389	15.4293	13.0377	11.5179	9.148	8.059	7.1748	6.3959	5.6159	5.666	4.4724	3.9767	2.5406	2.1899	2.4	1.5434	0.7262	0	0	0	0	0
498	26.6773	38.3927	50.3133	60.5799	67.0081	61.8827	55.8936	52.687	50.0433	45.4526	43.8793	40.2058	38.6526	39.3612	38.8454	38.8821	39.634	39.616	39.1433	38.9067	38.0358	36.4483	34.3277	33.1722	31.1603	29.6632	28.3274	25.5691	23.4858	20.8166	18.8137	17.0404	15.4054	13.7375	11.692	9.1917	8.3041	7.4129	6.6727	5.6692	5.8139	4.6482	4.1798	3.0291	1.9336	2.2408	1.8328	1.0093	0	0	0	0	0
500	18.0185	33.3724	45.8225	56.7051	64.1498	60.8371	57.2376	53.1354	46.8938	44.2115	40.8131	40.242	39.5764	37.9821	38.6126	37.0204	38.3089	39.0014	38.2865	38.0171	37.8568	35.4722	34.3762	32.9003	31.4653	29.3958	27.6543	24.8689	23.0655	21.4157	18.6802	16.953	15.0966	13.9445	12.1014	9.7829	8.5523	7.6998	6.8439	5.7225	5.653	5.2681	4.4654	3.2114	2.1125	2.1661	2.0892	1.1761	0.4018	0	0	0	0
502	16.7902	28.2579	41.3215	52.7424	62.3797	60.1682	58.3552	50.0492	47.2252	42.5482	41.7517	38.7007	38.0673	37.256	37.6491	36.4514	37.1895	36.9531	37.5651	37.2276	36.5037	35.2946	33.174	32.1894	30.5318	29.0987	26.8033	24.9363	23.0367	20.7468	18.2749	17.2436	15.1688	14.0293	11.8554	10.3303	8.8009	7.9881	6.7941	5.7741	5.7162	5.3043	4.3758	3.666	2.2738	1.8592	2.2252	1.4997	0.7666	0	0	0	0
504	32.6623	23.0612	36.8277	48.7104	54.7104	55.1223	54.0312	51.7307	47.2895	43.5933	41.1046	37.0624	37.3343	36.2743	35.8958	36.6186	35.8569	37.6267	36.66	36.876	35.7834	34.3958	32.6095	30.8854	29.7924	28.7702	27.0669	24.4989	22.4869	20.4925	18.0565	16.3259	15.3217	13.8194	12.587	10.3861	9.0524	8.0578	6.7426	5.8258	4.9113	5.4563	4.6282	3.8518	2.8212	1.6773	2.1107	1.7747	1.102	0.3697	0	0	0
506	24.3115	17.8036	32.2978	44.4521	51.8554	57.9406	53.737	48.1112	46.0936	41.9608	38.9097	38.1225	36.9501	35.7432	35.4831	35.1609	35.5431	35.1344	36.1863	35.6695	35.2459	34.0206	32.5005	30.8544	29.6656	28.8142	26.3472	24.0499	21.7813	20.3827	17.6163	16.4883	14.9122	13.7555	12.1007	10.6925	9.3178	8.0248	6.8099	5.8845	5.0277	5.6488	4.8191	3.974	3.3026	1.8196	2.0848	1.9331	1.342	0.6351	0	0	0
508	14.5574	12.466	32.0596	41.8689	48.9968	53.541	50.0305	49.9966	44.1859	39.881	38.0511	37.3933	36.1485	35.5928	33.787	35.1039	35.2118	34.8641	34.18	35.384	33.5343	32.4251	31.9865	29.7341	28.7845	27.6189	26.3013	23.7333	21.7411	19.3611	17.7858	16.1483	15.1167	13.6386	12.5235	10.7353	9.3387	7.9991	6.8853	5.9327	5.1515	5.4666	4.9873	4.3334	3.825	2.1805	1.6787	1.9708	1.5785	0.7891	0	0	0
510	13.909	16.977	29.0584	39.2242	46.07	53.1343	50.6691	47.1376	44.6221	39.3782	38.5634	36.3851	34.353	33.3579	34.332	34.4285	34.6243	34.7498	35.058	33.6691	32.8593	32.1157	31.004	29.5002	28.2188	27.3396	25.2063	23.5248	21.3184	20.018	17.9304	15.9485	14.8658	13.5714	12.3294	10.842	9.4609	7.9711	6.9519	5.9718	5.2767	4.7142	5.1518	4.2965	3.5538	2.7024	1.2962	2.0871	1.8136	1.0761	0.2759	0	0
512	13.2426	12.5716	25.988	36.1963	43.0694	48.6444	51.0385	43.7433	42.811	40.2846	37.6851	35.3552	34.2938	34.2365	33.5363	32.4254	32.9556	33.7017	32.6099	32.6575	31.8398	30.7581	29.7965	28.8399	27.6071	26.3361	25.6459	22.9211	20.3564	19.3245	17.8652	16.1642	14.4122	13.1644	12.1119	10.886	9.3498	7.9398	6.9996	6.0097	5.4027	4.7706	5.5048	4.6197	3.7822	3.1198	1.2969	1.013	1.8946	1.4873	0.3627	0	0
514	12.5602	17.3097	22.8527	32.7821	40.0017	47.4277	48.1972	46.6627	42.4194	38.8768	36.2101	34.0487	34.8033	32.3834	30.9199	32.005	32.3275	32.6211	31.8643	32.1009	31.4278	30.588	28.754	27.5102	27.3241	26.6051	24.8321	22.4535	20.5529	18.8463	17.299	15.8793	14.4577	12.8611	12.0665	11.155	9.5622	8.4098	7.0469	6.1439	5.4799	4.8271	5.174	4.7479	4.1845	3.1455	1.862	0.8032	1.5831	1.611	0.8549	0.3405	0.3397
516	11.8707	24.1039	19.6676	29.3184	37.6314	44.8901	45.6417	42.3658	40.9175	38.5482	36.1584	34.6977	33.1742	31.7491	31.3669	31.9427	31.6778	31.3514	30.9102	31.3908	31.222	28.8913	27.7073	27.3527	26.3085	25.8977	24.5752	22.0746	20.566	18.6396	17.2713	15.2261	14.386	13.2848	12.0843	11.173	9.9388	8.4406	7.0991	6.2844	5.4604	4.8876	4.5774	4.4381	4.0998	3.3979	2.1918	0.749	1.3031	1.5656	1.2515	0.5191	0.5179
518	11.1724	19.3724	16.4251	25.5788	34.5634	42.3219	46.6841	43.6212	40.8051	36.2084	34.2194	33.1851	31.5	31.0089	30.7998	31.4628	29.9096	29.9471	30.0939	29.9596	29.4945	29.3894	28.0154	26.8255	26.4512	24.8498	23.663	21.9646	20.3636	18.1827	16.3606	15.1606	14.1852	13.0449	11.8746	10.9955	9.929	8.7123	7.1563	6.3278	5.4433	4.952	4.4972	4.7714	4.5639	3.6907	2.6517	0.4645	0.6779	1.7066	1.5397	0.5556	0.5543
520	10.4554	0	11.0392	22.0559	31.4195	39.6864	43.4413	42.9552	38.4459	37.0161	35.061	32.9948	31.9684	29.2223	29.74	29.6435	30.3167	29.699	29.6536	29.0271	28.9159	28.259	26.8489	26.1955	25.0889	24.2421	22.3003	21.5566	19.3831	18.1408	16.3439	14.9345	13.7682	12.6531	11.8715	10.9239	9.7784	9.0214	7.2129	6.3182	5.5135	5.0166	4.5695	4.7693	4.4486	3.7325	2.9895	0.2637	0.0482	1.7352	1.2949	0.9002	0.8982
522	9.7193	0.0709	15.9797	18.4506	28.2838	36.9811	45.2002	39.8261	37.6161	35.617	33.293	32.1781	30.8629	29.3205	29.4488	29.2889	29.1858	28.5225	27.9736	29.5582	27.4872	27.2498	26.0114	25.6617	24.5066	23.6379	22.9557	20.8263	19.3062	17.8349	16.2294	14.5858	13.7296	12.5252	11.6579	10.524	9.7465	9.0313	7.413	6.3065	5.5835	5.0254	4.642	4.4469	4.5359	3.8879	3.2099	1.4362	0	1.0848	1.2919	1.067	1.0645
524	8.9647	0.1434	16.4716	14.7648	25.1616	34.2092	40.1989	39.2213	37.9107	35.7714	31.2189	31.3347	29.704	29.1182	28.6297	28.2426	28.0166	27.8813	27.2465	28.0599	26.6839	26.4895	25.7215	24.8463	23.518	23.2391	22.1619	20.6241	18.5545	17.3935	16.3397	14.5436	13.501	12.4253	11.9477	10.5686	9.9741	8.5666	7.4005	6.2929	5.6255	5.005	4.715	4.5423	4.2047	3.701	3.6687	2.0785	0	0	1.6012	1.0843	1.0818
526	8.1972	0.2176	17.8912	11.0062	21.9827	31.5911	36.8755	37.3912	35.724	31.8245	32.1879	30.9831	30.8581	27.6293	28.5485	27.3456	27.8369	27.9322	27.8327	26.8017	26.5297	25.1855	25.2062	23.8212	23.417	22.3762	21.4054	20.3355	18.2211	16.666	15.697	14.1227	13.5972	12.214	11.2947	10.5736	9.7165	8.6651	7.5511	6.2818	5.6138	4.9864	4.7917	4.4612	4.0656	3.9759	3.2511	2.4531	0.1691	0	1.2767	1.194	1.1913
528	7.415	0.2936	17.3115	7.167	22.0809	27.8731	33.4916	35.8932	36.4976	32.0924	31.5667	29.0877	29.3624	27.4596	25.6929	27.1552	27.3396	26.4833	25.6536	26.0227	25.7685	24.6656	23.9711	23.6163	22.6275	23.2615	21.7158	19.5265	17.8923	16.5139	15.2033	14.0606	12.9405	12.0483	11.1317	9.9032	9.4234	8.54	7.2689	6.2094	5.6041	5.069	4.8066	4.3801	4.2206	3.7825	3.6528	2.9221	0.5779	0	0.9006	1.283	1.28
530	6.6121	0.3713	0	10.4762	17.8646	24.0616	30.0198	35.6903	33.1809	33.1836	30.7297	28.8182	27.9875	26.6105	25.3184	26.0419	25.7997	26.5296	25.2407	25.8227	24.7006	24.8926	23.8575	22.903	22.2295	20.896	21.2722	19.7847	18.0102	16.3102	14.9146	13.7686	12.8592	11.6739	10.4483	10.1899	9.063	8.2668	7.736	7.0826	5.5926	5.1522	4.688	4.2958	4.2103	4.0971	3.9823	2.9866	1.4891	0	0	1.3845	1.3814
532	5.7892	0.4509	0	10.9944	13.5501	20.1854	26.4645	33.019	34.054	30.5164	29.2736	29.1484	27.6262	25.6093	26.1536	24.9581	25.0216	24.3553	25.0175	25.0852	24.1849	24.1665	23.3733	23.053	21.8794	21.4204	20.4189	18.9001	17.5389	16.1007	14.6957	13.483	12.6089	11.4298	11.0821	10.0459	9.638	8.6813	7.7584	6.8386	5.58	5.1033	4.566	4.2088	3.8393	3.9955	3.7097	2.8248	1.9229	0	0	0.8997	0.8976
534	4.9454	0.5323	2.0569	13.3406	9.1342	16.2416	22.8206	33.5911	32.3465	30.823	29.1658	26.5242	24.7096	24.7622	24.6948	24.8229	24.6213	24.1653	23.588	24.0564	23.6398	23.2642	22.8619	21.8491	20.996	20.832	20.0383	18.5946	17.0631	15.6925	14.227	13.3723	12.4001	11.4172	10.8342	9.932	9.294	8.2322	8.0197	6.6778	5.5656	4.9845	4.4815	4.1187	3.792	3.8492	3.6899	3.22	2.4589	0.2611	0	0.4935	0.4923
536	4.0826	0.6157	4.1648	14.8718	4.6198	12.2112	24.3223	30.6554	30.4501	30.0301	27.6843	26.9855	25.2097	24.6624	23.3389	23.9632	24.0708	22.5816	23.7816	23.3097	22.606	23.1137	21.6962	21.0943	21.1044	19.828	19.035	17.4484	16.4272	15.3506	14.0541	12.6305	12.0858	11.2603	10.3714	9.5476	9.0613	8.1297	7.9464	6.6309	5.576	4.8639	4.3961	4.0233	3.7445	3.9933	4.0054	3.0668	2.5932	1.0892	0	0	0
538	3.1995	1.7717	6.3272	16.335	0	14.7796	21.8239	27.6558	29.7105	28.9122	26.9535	25.8338	24.1023	24.0244	24.1038	22.6786	22.8391	22.6237	22.9645	22.7162	21.9691	21.5941	21.3575	20.8067	20.2211	20.0103	18.4407	17.9869	16.5617	15.1117	13.7423	12.5764	12.176	11.2198	10.3531	9.987	8.9628	8.2804	7.8163	6.5923	6.1201	4.7415	4.3074	3.9244	3.6966	3.5128	3.7788	3.2403	2.6668	1.8993	0	0	0
540	2.2936	4.1198	8.5429	12.2635	3.8487	11.9652	19.258	24.5753	29.3012	26.1416	27.5907	26.4912	24.0946	23.7659	22.4076	23.0579	22.2791	22.2582	21.9676	21.796	21.8517	21.7581	20.3599	20.0557	19.8954	18.9918	18.3323	17.5513	15.5573	14.4286	13.3969	12.3586	11.4674	10.8493	10.0878	9.4141	8.4414	8.3604	7.1452	6.3956	5.7269	4.6145	4.2111	3.8218	3.6464	3.3546	3.7512	3.2463	2.788	2.1918	0	0	0
542	1.368	0.8537	0.3917	0	10.8348	9.101	16.3236	21.4639	27.374	27.2561	25.742	25.5175	23.0216	22.4636	22.3769	22.7597	21.4736	22.0986	21.7821	21.4428	21.4206	21.4194	20.1403	20.1822	19.7095	18.4083	17.9986	17.2345	15.281	14.0483	13.0367	12.2552	11.1582	10.7394	10.066	9.2823	8.4684	7.8318	7.3435	6.6623	5.489	4.421	4.1208	3.7811	3.5875	3.199	3.1455	3.2921	2.4971	2.086	0.7552	0	0
544	21.7114	13.5344	6.2049	0	9.9509	6.152	12.9547	18.2556	25.7507	24.282	25.678	23.6657	24.2853	22.6843	22.0573	21.368	21.6754	21.3986	20.8313	20.6691	20.7055	20.7711	19.9689	19.0346	18.6167	18.0615	17.2901	16.6117	15.1921	14.4881	12.9257	11.7967	11.289	10.5328	9.9159	9.2538	8.6577	7.918	7.3172	6.3334	6.1176	4.8591	4.0261	3.7376	3.4954	3.0375	2.989	3.395	3.0352	2.495	1.3021	0	0
546	39.0865	24.0836	10.6753	2.8542	13.7213	3.1165	9.4818	18.5821	23.6495	25.6917	25.2927	24.9411	22.8134	22.262	22.0283	20.3841	20.5098	20.6306	19.6002	20.3416	20.2766	19.4233	19.0002	18.9275	18.0178	17.7708	17.1079	16.0016	15.0867	13.612	13.0387	11.7901	11.0003	10.1393	9.535	8.804	8.2688	7.6358	7.1969	6.7229	6.0123	5.1765	3.9249	3.6593	3.3973	2.8686	2.3513	3.6434	2.9243	2.3565	1.8105	0	0
548	33.0963	23.6025	10.0887	5.7841	7.482	0	11.8545	16.5037	21.4721	23.8081	23.3357	22.7842	21.8339	20.8923	20.7166	19.559	20.7284	19.9423	20.0732	19.3651	18.6893	18.7786	18.8544	18.2113	17.9712	17.6219	16.6409	15.5827	14.1946	13.8733	12.6643	11.5302	10.6628	10.178	9.6838	9.077	8.5059	7.551	7.0381	6.1973	5.692	4.9082	3.8174	3.5603	3.2296	2.6926	2.3918	3.2974	2.8118	2.4514	1.9862	0	0
550	37.4584	23.1013	11.4428	8.7897	11.1796	4.7297	9.6011	14.3676	19.2331	25.1204	23.7877	22.0348	21.8189	20.4892	21.6182	20.1075	19.8278	19.1213	19.1502	19.2285	18.7456	18.3049	17.5092	17.1363	16.9803	17.5451	16.2043	15.3347	14.9763	12.9313	12.4527	10.8309	10.0893	9.89	8.6849	8.4319	8.0403	7.7024	7.2941	6.3754	6.1095	5.2812	4.3368	3.4576	3.0566	2.6242	2.4325	2.652	2.9447	2.6318	1.9666	1.0342	1.0319
552	42.849	22.6437	14.8553	11.9048	9.3639	5.5271	7.3093	12.1416	16.9801	22.1993	21.9004	21.6455	21.0781	18.8588	19.0161	18.6921	18.7227	18.304	18.2885	17.7698	17.9476	18.2727	17.4025	16.9374	16.3419	16.5053	15.7799	14.3718	13.2575	13.034	11.6532	10.994	10.1263	9.5072	9.1712	8.8555	7.9716	7.3554	6.9139	6.1073	5.8104	5.0673	4.2257	3.3607	2.9433	2.6179	2.4804	2.3722	2.8592	2.4911	1.7611	1.5356	1.5321
554	26.7148	22.1615	13.5444	6.2341	0	6.6638	4.9451	9.7751	14.6514	21.1116	20.2779	19.8275	19.2893	19.9498	17.9127	17.9319	18.7807	18.2753	17.0328	17.6355	17.8932	17.6599	17.2491	16.5304	16.0616	15.9833	15.3117	13.7335	13.3036	12.4022	11.5006	10.7937	10.0369	8.9871	8.6786	8.6749	7.5181	7.2795	6.7152	5.9197	5.7473	4.9618	4.3016	3.2592	2.9408	2.6101	2.5287	2.2479	2.565	2.5608	2.2994	1.8185	1.8143
556	43.4264	25.391	15.5155	7.1404	0	10.1026	2.5096	7.3369	13.9362	19.4694	20.4469	21.5317	18.6865	18.9499	18.5544	17.6797	17.9156	18.4022	17.4364	16.8944	16.7527	16.682	16.45	15.7478	15.8178	15.3716	14.7197	14.3177	12.9809	12.4658	11.066	10.1837	10.0096	9.1415	8.4742	8.0273	7.6059	7.0172	6.4465	6.3199	5.9769	5.1043	4.2921	3.6885	2.9379	2.6607	2.5382	2.1195	2.4536	2.4831	2.2759	1.7629	1.7589
558	39.2103	28.9324	17.1896	7.239	1.676	9.632	0	6.98	12.734	17.7752	19.0623	19.1053	18.5797	17.7903	17.6741	17.1492	16.858	16.845	16.4616	16.4987	16.2672	16.2193	15.8188	15.3231	15.0224	15.3081	14.7392	13.5828	12.6513	11.9607	10.9639	9.9769	9.7177	8.6446	7.8494	8.2199	7.2074	6.8476	6.2602	5.7995	5.6558	5.0985	4.1639	3.6879	2.9347	2.7126	2.4664	1.987	1.8981	2.7147	2.2608	1.9673	1.9628
560	31.2443	30.7363	15.9696	5.9874	3.4037	9.4407	0	5.6678	11.4891	16.0212	18.1243	17.8774	18.9168	16.7465	15.7061	16.5347	16.3415	17.0952	17.4683	16.8369	15.6603	15.6227	15.0401	14.7851	14.9211	14.7264	14.1617	12.7739	12.4257	10.9617	10.6676	9.684	9.0999	8.8418	8.1152	7.3534	7.0971	6.4267	6.1653	5.8058	5.2116	4.9648	4.5308	4.2456	2.9301	2.6836	2.3912	1.8495	1.2911	2.7382	2.1287	2.0456	2.0409
562	32.5138	30.9234	14.7049	6.3206	5.1829	13.5444	0	4.3135	9.9297	14.2069	19.0657	18.0457	18.0659	16.2582	15.9816	15.8528	16.2259	15.8549	15.9241	16.0892	15.412	15.2876	14.47	14.2641	14.2462	14.1383	13.702	13.0776	12.3701	11.0913	10.7906	9.6022	8.9858	8.5878	8.3582	7.0133	6.8058	6.7501	6.1544	5.9383	5.2881	4.9288	4.2576	3.6287	2.9238	2.611	2.2575	1.7068	1.3949	2.3321	2.0408	2.1824	2.1774
564	33.6107	36.9747	13.3966	8.3112	7.0138	5.8561	5.1443	2.9174	8.0447	12.3331	17.1039	16.3053	16.2668	15.0083	15.8198	14.6789	15.1752	15.1485	15.0074	14.653	15.0087	14.5197	14.4007	14.2613	13.4202	14.2317	12.9108	12.0875	11.5087	11.0119	9.9706	9.2751	8.7793	8.3154	7.5366	7.15	6.9991	6.5103	5.8355	5.4254	5.3796	5.0977	4.2354	3.907	3.474	2.5352	2.1189	1.6587	1.5012	1.604	2.3552	2.1445	2.1396
566	32.6715	27.7485	12.0518	7.3988	3.4201	0	2.287	1.4805	6.1056	11.0695	15.7105	16.4854	15.2646	15.0087	15.3155	13.5352	14.4004	14.2523	15.559	14.1087	14.5322	14.3282	13.8029	13.8555	12.8484	12.9166	12.5596	11.8803	11.2287	10.5353	9.8431	8.9085	8.4854	8.04	7.4664	7.1832	6.2948	6.0599	5.6847	5.2872	5.1209	4.7063	4.3653	3.8046	3.1478	2.4576	2.0267	1.6599	1.611	1.6833	2.0152	2.1438	2.1389
568	28.5946	37.1053	25.3196	15.5335	7.1762	0	6.231	0	5.4826	10.1155	14.2771	15.0332	14.9273	15.6039	14.9329	15.2951	14.4591	14.0066	14.5498	13.9609	14.2681	13.8377	13.3036	12.4022	13.3876	12.584	12.044	11.3199	10.5142	10.498	9.8804	8.893	8.2928	7.6874	6.9823	7.0773	6.7368	6.0187	5.5745	5.3807	4.9152	4.6102	4.0381	3.8258	3.4099	2.3779	2.034	1.6614	1.7244	1.528	2.2851	1.9023	1.898
570	34.8221	26.7244	21.3455	13.1738	6.192	1.7708	6.6761	0	4.4523	9.1275	12.7932	15.61	14.8169	14.3141	13.8809	14.3655	12.586	13.7229	13.6354	13.4842	13.5872	12.7964	12.5429	13.0319	12.2971	12.1868	11.4612	11.007	10.3977	9.2263	9.1737	8.5801	8.4173	7.6817	6.9615	6.8082	6.2589	5.9294	5.4189	5.1808	4.6602	4.4906	4.1848	3.8626	3.5062	2.7812	2.0406	1.7768	1.7768	1.3672	2.0777	1.9099	1.9055
572	25.3996	27.9689	25.3864	13.6317	6.5118	3.6034	5.3263	0	3.3962	7.8762	11.2827	15.0067	13.672	13.1167	14.0051	14.2382	12.7891	13.3121	13.112	13.4592	12.4728	13.0593	12.9144	12.1694	11.9226	11.6081	11.7508	11.3406	10.2075	9.5734	8.8256	8.0109	7.9029	7.8405	7.2734	6.6341	6.0246	5.8848	5.6255	4.9541	4.6336	4.0697	4.1684	4.1715	3.4756	2.8349	2.0508	1.899	1.7045	1.2034	1.5529	2.1214	2.1166
574	32.9786	37.6803	28.1838	14.0974	7.7236	5.4978	9.4199	0	2.302	6.3272	9.7144	12.9181	13.1204	12.629	13.24	12.4706	12.3913	12.8776	12.0253	12.3267	12.6758	12.9976	12.0428	11.7198	11.8005	12.1	11.421	10.0898	9.7369	9.5679	8.7276	8.0955	7.2429	7.27	7.0039	6.159	5.7609	5.9091	5.5579	4.9669	4.6415	4.059	3.487	3.766	3.2085	2.77	2.0601	1.8922	1.6288	1.0333	0.433	1.8847	1.8804
576	30.5205	29.7165	25.0953	14.5708	9.8722	7.4539	5.469	2.0279	1.1699	4.7229	8.3608	11.9334	12.649	12.5489	12.5452	12.5296	12.0255	13.112	12.9251	12.6117	12.292	11.9787	11.9994	11.0921	11.6522	11.0988	10.5796	10.0337	9.9077	9.5187	8.4838	7.9155	7.2358	6.6945	6.0485	6.203	5.4578	5.3059	4.9303	4.5769	4.4109	3.9028	3.9899	3.8761	3.2423	2.6932	2.0686	1.8169	1.4628	0.8569	0.4261	1.7209	1.717
578	42.1097	25.9743	27.2025	15.0518	9.2747	4.2804	0	3.2226	0	4.064	7.6467	10.9097	11.8331	11.7007	12.3924	12.3778	12.4563	11.825	12.3616	12.0074	11.9564	11.6414	11.6066	11.106	11.0803	10.8896	10.7268	10.1107	9.4203	8.6357	8.2961	7.6397	7.2639	6.9014	6.4391	6.2614	5.8458	5.0289	5.4735	4.5601	4.3612	3.9954	3.8366	3.5717	3.0151	3.0262	2.5842	1.7382	1.2905	0.7991	0.4187	1.2123	1.2096
580	40.6317	25.0679	30.3509	22.836	14.0656	6.4892	0	5.7059	0	3.3031	6.9054	9.8471	12.1806	11.1216	11.2305	11.6779	11.0366	11.8653	12.0527	11.5323	11.3974	10.9493	10.3097	11.1372	10.6659	10.6744	9.7603	9.4241	9.3985	8.3852	8.0974	7.3954	7.106	6.4403	6.4089	5.6069	5.468	5.0863	4.8021	4.5262	4.418	3.777	3.5707	3.3245	3.1492	2.6361	2.6459	1.6559	1.1752	0.8025	0.4109	0.765	0.7632
582	34.4381	20.2595	22.6893	20.7283	12.2991	5.0255	0.9996	4.4429	0	2.5169	5.9775	8.7484	11.5384	10.7379	11.0442	11.5177	11.3175	11.297	10.8984	11.4983	11.681	11.194	10.7933	10.621	10.1546	10.1106	9.8706	9.1439	8.7713	8.347	7.3752	7.0294	6.836	6.2279	6.0737	5.8204	5.3115	5.4797	4.6647	4.2713	3.7945	3.7939	3.4551	3.351	3.0914	2.7676	2.4093	1.5707	1.1845	0.8058	0.4027	0	0
584	26.932	21.3524	22.5326	22.0848	11.0631	3.7859	2.0312	2.5716	0	1.7043	4.8529	7.6101	10.9688	9.8266	11.3796	10.9218	10.5192	10.6013	10.4359	10.5602	10.7771	10.6212	10.2337	9.8818	10.1336	9.6485	9.5628	9.054	8.2998	7.9532	7.3831	6.9338	6.7706	6.49	5.7208	5.4157	4.8551	4.6616	4.4953	4.5917	4.1663	3.9804	3.5724	3.2633	3.1392	2.8906	2.5043	1.7113	1.1935	0.8035	0.3941	0.0604	0
586	30.91	29.138	19.1127	17.5791	9.7813	3.721	3.0942	8.0428	0	0.8652	3.6901	7.2317	10.0289	9.3295	10.5681	10.4786	10.8807	10.7026	9.4177	9.8179	10.165	10.3169	10.2642	9.9681	9.5507	9.5935	9.7466	8.1601	8.1768	7.6999	7.0173	6.763	6.5524	6.1313	5.5534	5.1915	5.3931	4.8894	4.669	4.0291	3.9758	3.8364	3.2625	3.3624	3.0638	2.862	2.4779	1.9489	1.202	0.8007	0.3961	0.1227	0
588	21.7612	22.2971	18.2652	22.8687	8.4545	4.8863	4.1882	3.6665	0.2801	0	3.5053	6.6058	9.0542	9.7808	9.5151	9.7966	10.3142	10.3915	10.6329	9.5717	9.966	10.2976	9.6544	9.7751	9.4706	9.2911	8.9459	8.2224	8.4531	7.3163	7.0912	6.5368	6.0758	5.8807	5.5484	4.9866	4.8716	4.7758	4.4495	4.166	3.6461	3.5356	3.3487	3.2026	2.9453	2.5491	2.7462	2.0712	1.2101	0.8029	0.4036	0.1868	0
590	32.3509	14.6486	14.6822	18.2148	7.0845	4.3608	2.0586	0	0	0	2.8456	5.9583	8.0464	8.9377	10.3377	10.3793	9.9473	9.5052	10.1353	9.9281	9.3009	9.0843	9.3091	8.8666	8.9177	8.9088	8.5044	8.11	7.6947	7.0556	6.6369	6.3095	6.0782	5.5711	5.1289	5.0966	4.7064	4.4674	4.4423	4.0057	3.5069	3.5237	3.3255	3.0216	3.0248	2.7263	2.4408	2.1044	1.2178	0.8163	0.4419	0.2527	0
592	27.746	20.4134	25.5246	18.9207	15.9144	9.7915	4.6204	0	0	0	2.1729	5.1215	7.0308	8.856	8.7808	8.8765	10.3891	9.1299	9.0034	9.1853	8.6803	9.0224	8.3585	8.8718	8.7687	8.6414	8.3492	8.2812	7.4298	6.9951	6.1675	6.1724	5.8266	5.4171	5.284	5.108	4.8453	4.3862	4.0522	4.0904	3.896	3.1945	3.1142	3.175	2.7195	2.2686	2.5505	2.1929	1.5682	0.8328	0.5142	0.4712	0
594	36.1474	24.8166	25.5536	18.2644	18.7343	11.5115	4.4611	1.8435	2.2782	0	1.4745	4.0612	5.9739	7.8942	8.1007	9.2757	9.1818	9.236	9.2155	8.7078	8.7176	8.9129	8.4739	8.2377	8.537	7.8575	7.5029	7.7954	6.8999	7.0637	6.5464	6.1503	5.6973	5.1979	4.8425	4.633	4.7735	3.8567	3.6414	3.5515	3.5231	3.3282	2.9435	2.7884	2.6844	2.6894	2.2439	2.2928	1.7482	0.8493	0.6778	0	0
596	21.3125	29.1035	21.988	18.2524	19.0291	9.6244	7.288	3.7544	3.083	0	0.7505	2.9618	5.326	7.3915	7.2812	8.7019	8.3246	9.087	8.735	8.5136	8.8546	9.0773	8.2457	8.2577	8.638	8.22	7.7447	7.7258	7.465	6.4401	6.071	5.5728	5.4172	5.3604	4.8276	4.5407	4.3094	3.8267	3.851	3.7097	3.4211	3.457	2.848	2.9334	2.6244	2.6444	2.2254	1.9447	1.8259	0.8663	0.9761	0	0
598	26.3282	36.1707	21.1234	21.3127	15.9272	13.6482	9.3849	5.7353	5.4887	0	0	2.641	4.7698	6.8688	7.6057	8.1225	7.7933	8.2649	8.2375	8.5129	7.7074	8.5126	8.1878	7.7227	7.8751	8.421	8.0388	7.0485	6.548	6.0775	6.1083	5.2144	5.4057	4.8705	4.6124	4.3728	4.2815	4.0747	3.821	3.4067	3.4961	2.9515	3.0588	2.915	2.6059	2.3494	2.4267	2.0655	1.6298	1.2265	0	0	0
600	39.2399	19.9311	16.6524	19.4549	21.4365	16.0128	11.553	7.7855	4.37	0	0	2.041	4.1904	6.3228	8.4703	7.3751	8.3721	8.9467	8.1403	7.892	8.0726	7.8805	8.4988	7.6654	7.8724	7.3	7.4777	6.9127	6.6113	6.4942	5.765	5.4077	5.078	4.8477	4.503	4.2527	4.2136	3.8551	3.5367	3.4762	3.1051	2.9724	2.9138	2.8383	2.5919	2.4583	2.382	1.965	1.7786	1.5179	0	0	0
